3104
6185
7818
2106
5480
133
3378
3544
2404
6342
2594
547
609
9393
5552
3228
5808
892
3062
9685
712
957
4904
4524
997
6420
151
6381
5646
4291
1519
5103
6828
9338
3561
8661
9471
3291
2205
1875
9633
4799
2423
6594
4193
4327
9822
6353
1572
2885
6038
2284
3842
7294
6808
1192
3715
6960
7573
5713
7603
9093
7168
784
4783
729
9445
4254
372
1650
2481
5
2801
1256
6600
3346
1936
2774
9700
3508
2011
5738
2144
2206
9385
5305
3398
9452
8617
7323
5165
2572
2768
8686
3356
7551
9415
9153
8157
6140
7155
639
6145
9957
1895
2745
3303
3831
1872
3003
3691
3883
5094
5836
6089
4479
7493
9487
3931
6110
3163
5448
8682
2283
4134
8391
6187
9902
7544
4344
6042
4700
1335
2187
4657
9583
1285
7960
9766
3157
964
3458
7040
2410
5646
3130
6889
3139
8969
820
5601
8484
2620
4283
7120
6755
2674
3307
3009
6571
4003
9051
1271
1691
7590
5928
1274
8875
240
1040
8384
7556
850
1777
9966
6496
1259
6855
5987
6580
4027
1588
5065
3000
2224
2185
9755
1250
1844
2764
7821
2199
8167
9092
3890
5757
1372
5164
985
7965
2557
5721
5521
3407
7498
5488
6256
8757
8695
8595
5338
9075
6536
6755
2075
5112
5292
8182
2714
7136
7298
536
5687
5465
5980
9578
7574
3705
1094
8559
1670
3651
633
3543
3411
8131
5383
6019
3241
4079
966
8579
9506
3854
1686
7933
8966
6978
6115
1681
466
3413
8569
6153
5230
901
5731
2804
4606
6826
7716
2628
6829
8349
6172
6592
6480
1555
2611
6073
1986
9930
4652
7844
3784
2690
5777
2751
9668
1892
784
6486
1657
9353
2640
6887
254
4723
9692
1213
7901
3760
193
4731
2109
6365
7675
4941
4273
287
1015
2611
217
2019
456
4001
4710
6233
3104
730
8126
3888
7217
6135
9593
6209
3023
6200
7284
9067
3765
5186
2827
3958
6269
4936
324
296
9877
949
583
892
3560
7152
2912
4016
7506
3974
250
6962
4704
4728
7203
8273
863
6796
834
238
9348
8119
9305
3113
9657
2132
7072
2278
3420
3748
2574
3298
4697
9510
542
4609
3014
9806
8626
520
3780
5228
3835
4837
6308
1038
3110
3523
7834
297
3762
7183
8416
9419
6648
4425
1552
3720
3055
1324
7468
1981
4622
8517
1491
1517
3127
4506
1323
8105
1378
1456
3333
5213
6293
5993
2603
5755
9516
438
6052
9630
3973
820
9050
621
1597
6954
694
4652
8278
4514
6634
9253
3032
4477
770
2511
5335
8445
616
6714
6253
301
8279
2546
6294
7235
4654
5810
7673
7058
5441
7998
7879
4491
4971
9476
1445
5665
481
6075
180
7115
5328
9564
1592
2450
2075
6928
896
9043
9994
7149
9344
4625
6048
5638
1860
7054
1448
5885
4112
3241
235
8343
4084
5207
4172
1881
7224
4653
7957
7404
8120
9637
3320
6064
2088
1747
9344
9336
790
5690
2837
134
6668
5237
5772
4880
2291
3573
7118
2756
6814
7353
1099
7251
2560
1623
9132
6137
2628
3441
9893
7100
3079
3214
3165
5167
4961
8861
4503
5752
904
7340
5886
7572
2578
1659
2452
1221
1584
5922
3977
8398
3276
1429
5649
2188
9404
1134
8325
2033
4575
8219
9133
7654
1433
8650
2821
2746
3864
3676
8498
4768
7369
737
2340
6299
8748
1144
3872
332
7067
7850
8730
6695
5631
732
8883
1387
8218
3561
3420
2793
1780
8906
6800
9565
3908
5973
8663
7772
9650
7162
8892
3371
4251
1232
9670
2999
8729
3542
3331
2148
7744
8413
8843
9727
9145
4078
1115
7363
3991
887
6509
2123
6145
3309
8040
6406
9282
6704
4178
5284
218
3071
8655
4469
655
4677
7468
5736
4572
799
4236
8668
9212
9431
8396
4710
9862
5863
8425
3853
3102
4934
5977
9248
4595
4017
5654
230
721
6184
5514
939
5607
522
5408
2615
5199
2876
4703
6123
27
8940
4792
9240
8371
9540
3950
8233
5403
2375
2087
4857
3662
4416
457
8257
8433
6111
8487
5507
8648
354
6446
607
876
8207
9574
2427
7435
4278
8551
7463
3218
9695
3055
7941
9235
7005
2527
990
5732
4614
5847
5746
5382
6305
356
167
8768
5195
5674
3768
5549
8473
4376
2777
3032
3950
5205
467
4580
108
4282
7798
9803
7337
2092
5390
694
4619
6380
6427
5585
2227
2173
967
4884
8881
1134
3653
4077
3161
3773
9626
1634
8149
2404
4666
8452
3961
1485
3032
421
5768
7183
6576
3105
9275
1966
3800
3894
8346
6579
9479
6925
5104
6798
1810
3986
7932
1815
8063
1093
5588
4041
9079
90
2797
3745
8542
3110
1583
7926
3531
7351
5109
107
6808
736
8425
6960
4630
6771
9891
461
3697
1348
7259
1859
5334
1544
3674
9749
8989
5614
142
8069
5704
2940
8166
598
6050
6101
8525
5934
3452
9986
2393
6613
723
819
3573
1705
3942
3465
8519
3991
4813
5778
5850
6499
3674
5876
2600
9016
1491
2742
3437
3547
2034
1603
4146
4437
4057
9023
371
7509
9009
9116
4122
6084
9935
4048
7790
3878
3865
6309
4221
5030
8439
72
7881
8466
5948
481
7482
3791
9575
919
7339
1610
8874
7837
6047
2931
6860
2770
6793
5869
1886
7267
1954
8174
7667
6096
8404
1532
8757
2625
2914
7196
9049
795
2014
1350
7628
5848
5141
7204
6767
8832
5166
1994
6669
7565
1277
3529
335
8070
5751
8573
1690
7705
3099
9357
153
7855
7242
8910
481
156
2458
9530
952
4473
7232
4932
321
2374
2136
3441
7558
3654
1787
580
1219
3064
4109
7906
7487
6212
6480
9177
269
5931
4886
422
3787
2128
9332
620
8637
8143
150
5941
2616
3735
873
9289
6109
3010
9082
19
3016
869
599
4236
286
1061
2142
7773
7273
4974
3302
7543
906
8188
4317
1045
6669
3650
1665
5306
8145
8167
1247
7113
1902
2120
6402
4363
1482
1837
4383
4499
2706
1334
5087
9344
2395
3581
7117
6021
8556
6771
3564
5814
4960
7881
6859
7981
7883
8524
3287
6028
3043
886
9493
4946
9358
5896
9309
7193
4085
44
8044
3143
1379
3131
2488
3774
6712
9605
6147
1620
6377
9711
3786
7689
3945
645
2022
8180
5521
1661
561
8565
2547
54
9863
8257
2302
9172
5450
2739
9217
9846
5883
6948
9329
8371
7074
2394
4328
3222
4014
7057
9285
4153
4746
9582
4798
6768
4115
6672
8429
1028
1589
7328
1082
1452
1938
9737
6976
7388
2476
2545
3587
8359
9493
2916
3082
2920
1662
7411
6142
2029
4468
1779
6182
5567
1362
980
8687
5477
4004
3469
6505
5593
7149
3939
3397
9087
28
6726
2828
8857
9271
6415
7216
5117
5683
6651
4389
7346
414
531
9375
4882
2310
1909
6801
24
2889
1841
1853
3246
1662
4710
5191
8811
8650
4941
4251
5030
1667
7079
3887
7290
9846
7456
8759
1881
4107
3148
5579
4521
3679
1306
5755
2342
3215
8909
8718
2457
750
572
5703
2412
5282
7246
7575
284
2187
1826
5315
3854
5257
5554
1145
5103
3010
9904
6985
3469
3053
2564
7990
3084
223
98
1778
3438
9007
497
5895
6109
1069
7950
4873
2703
5197
2448
9340
7384
627
4655
7591
5884
6561
5088
988
9572
1344
4325
3041
749
3241
7384
3834
3464
3834
1964
3255
9193
2461
5502
5302
9882
3453
6527
8938
8650
5327
8278
2386
5954
9285
6329
1839
5846
1417
9179
5418
2762
9856
4812
3511
9449
2196
3697
9266
6030
5662
2521
5223
8123
8023
6877
4358
1476
3404
3296
6478
5083
1574
5217
1038
859
1546
9229
6705
2964
4760
8476
2078
4616
3288
5589
417
1836
5639
9683
4218
1301
2204
5793
5776
6580
2670
134
8056
2426
3430
887
7509
1356
2456
8547
2215
4002
4128
5273
3318
8888
3749
5396
9856
3389
7338
274
5225
2977
9957
9443
4278
8514
5236
54
5094
4258
6541
9502
6684
6323
389
545
7680
2845
5445
9895
3200
9573
1520
6518
4814
1621
8267
4670
5010
5605
1296
6587
8582
7606
2382
9212
6120
3970
5618
1214
8228
8511
716
1264
4835
7458
1810
2515
6655
7255
8762
9855
3180
283
2726
7994
1904
7345
9017
3267
2950
6665
9854
7884
4271
2237
3448
391
6207
5418
7957
4436
3930
5026
2052
8765
2484
3862
1280
5491
7469
42
1699
7002
6677
4425
1348
8582
8122
365
8201
1072
3383
8055
5308
7654
292
5108
4398
2852
526
2355
3640
4456
7381
5692
3221
6217
5907
4501
1709
9728
896
3408
6730
7573
4185
8079
2507
2307
4796
7060
3379
4531
5116
5039
2186
1760
147
6584
964
673
5291
4604
5130
2673
6649
4703
8890
8908
5557
599
8636
2805
359
1719
6730
4544
6150
9238
6851
7298
2650
6582
1830
7766
1621
368
5879
8120
3304
6843
5146
8595
1448
6628
7620
4449
1331
2863
3357
6888
9814
8345
9693
174
64
6424
4718
2566
2014
1570
9865
1016
8152
8047
8783
6126
8415
4662
598
1719
7857
5744
314
5657
2372
4287
106
3704
7150
3463
6944
6964
1809
2990
7138
8225
5766
1857
792
4132
9779
7009
5148
4283
5056
3931
6761
3471
4945
7360
1542
9155
3104
8208
4812
5477
2495
4919
5533
9645
4734
2477
6610
2895
5467
100
1121
7585
8309
8265
1717
8088
5274
6866
8724
6682
7149
5485
153
8447
2845
8047
7602
2302
6255
2414
7779
8751
3685
9664
4748
8420
2141
7710
7667
3961
7811
5140
1546
6120
3405
9616
561
5031
6482
9285
1713
3631
1122
8218
2078
320
6265
9680
2622
8873
8447
6753
7624
2132
6417
8724
6904
4910
6435
4572
5223
598
9712
3122
3070
9470
2738
9983
853
5572
9268
8919
9203
6743
7137
7634
7063
9755
3666
6037
8628
8465
2790
2604
598
5559
1328
7502
6821
4115
8426
2045
4713
4491
5167
4136
313
4257
4119
1166
9829
9740
85
5384
6483
3575
3018
3546
3330
3037
9583
1958
1502
8725
4562
8452
636
2242
2307
7457
6358
733
9502
7423
1576
1021
1559
1889
5278
5679
3056
1459
5419
9493
6844
1902
3068
6214
1800
6398
9251
7735
4708
754
2812
5622
9206
3448
4217
1513
7257
575
8599
6760
4350
175
4133
5910
2065
5764
1589
1473
7223
3360
966
419
1614
387
6634
9766
3137
5885
3853
7846
2991
6665
9820
2198
6465
4037
63
3722
964
5014
6834
5315
5190
7320
1225
3607
3084
9166
5080
6659
8878
2398
7079
492
2785
3713
6610
5923
5950
463
121
8942
3480
6293
7492
9945
6683
3907
19
7647
8922
6854
9314
4112
4174
6891
7719
3610
2409
9151
269
1287
7901
3700
8131
687
3765
4741
2962
9716
1556
9435
8658
5036
5728
2502
1333
2411
6409
1353
6411
5331
8207
5725
5795
8733
2617
9866
2343
5026
9017
8964
2666
6919
2665
797
3958
2782
1891
6920
2498
3447
6355
7508
4836
8435
10
6169
847
2772
3874
7258
8103
8433
9335
3899
7166
8304
117
5861
3331
9135
4826
2349
2406
3843
3146
6364
6625
1389
9636
5476
1189
2343
2984
2377
778
9347
4898
7977
8471
8773
1587
6574
7206
923
6825
4373
9227
6943
6586
8910
2430
1412
1259
1188
1607
758
3904
8233
8499
3540
3709
9688
2235
3045
2065
3013
8744
6964
7343
7215
5737
8930
142
9295
6205
3319
20
5433
6614
6607
695
9044
4371
8307
6584
5979
5417
488
4212
3916
380
4273
3605
2615
3670
2022
1981
8767
5338
9324
5982
1075
8254
2476
6723
4460
5796
6743
6245
2410
9702
3292
7807
4074
7951
743
53
3368
1232
617
7285
1612
1242
7242
580
1264
5616
2561
31
955
1885
2366
8382
6491
4842
5105
7303
6990
8201
9900
5753
7903
9545
9912
1977
7496
655
8382
865
1887
5351
4502
9852
6593
8096
432
7858
3712
2993
4241
1019
1230
6607
9402
4073
1450
4507
1377
4792
9060
7629
545
6964
7174
457
5293
4671
1113
28
1888
9352
5379
2742
9204
8325
7190
5988
6183
902
5333
424
1922
2915
3384
7676
6989
4834
2183
4718
9626
7596
2347
6524
4560
9522
6981
6205
545
4446
6233
8785
3799
7965
1527
9355
6290
8717
1696
8825
5971
7029
5601
4245
9945
8985
1921
6934
171
457
8004
6150
8053
351
2674
8965
6225
9655
5170
3122
454
7756
1907
4253
2073
9786
9960
8363
8503
1656
3540
827
5038
9141
5072
4983
4479
3346
8269
4650
3803
6273
800
1856
2976
9826
821
9202
5834
2343
8676
6288
6451
584
6893
8524
370
3205
3239
5226
4862
6779
2405
9900
2273
7477
1235
3104
823
5856
7754
978
8481
4907
2834
1457
1085
7
7011
6919
2351
5688
9559
8802
2624
6452
7327
9346
6010
6918
4572
872
3698
3329
7124
2323
7159
4711
5427
4334
567
9533
5313
9048
792
8147
6857
1878
4507
3869
5149
6858
5909
4709
2012
8533
7513
5691
7879
3523
2610
8804
747
2660
8485
4223
1335
5644
8934
3114
9979
5853
2647
5292
1253
9792
9791
8111
8022
4298
8332
3171
7508
593
4232
5873
9126
1746
1564
3357
1621
526
8513
2369
3186
6999
6592
873
2643
1879
3987
2622
4084
2987
4266
1690
2779
4058
6153
801
4708
4485
324
8569
5078
4557
4442
556
2655
6006
265
4276
6533
8779
2997
6071
2130
5942
6945
1125
7821
7284
100
8257
271
4366
9947
3050
4776
2452
203
9485
6937
6880
8054
8367
7789
8848
5275
444
4854
1893
1072
7739
7024
4070
163
9154
12
3460
279
4185
744
379
2442
1016
1098
8742
418
5874
1194
6974
5359
4484
3854
9765
9203
7995
8613
831
4791
9820
2724
5863
3911
9748
6285
4074
8902
6297
3886
5533
6834
4631
2265
5629
1999
3363
4371
2417
9237
1917
5743
949
2753
5949
7066
1957
3944
2032
2788
8735
1852
5512
4599
2115
1612
7236
2542
514
3534
6428
2399
368
1059
4664
5997
9410
8027
6720
1828
3617
4990
7571
4566
7743
3521
7984
9700
3817
16
8840
2553
8220
704
3504
336
2316
740
2878
9182
626
5658
7934
7347
3070
2598
9696
2480
6978
6417
660
595
1407
4584
1513
5502
8105
9497
1555
8274
5866
6747
827
4086
7452
683
774
6120
7776
4
1655
8402
5663
9589
5749
8733
2187
1798
7565
5517
8215
8226
6112
5974
2810
3977
7828
7267
9827
9383
5541
5693
6131
6369
6131
9935
3404
6906
6055
1180
3262
4062
5935
8925
3651
8036
4010
2191
9834
1576
4060
4401
9802
6525
6727
2612
502
4556
9879
329
3939
1772
2374
6422
8141
8506
6357
7898
1764
8765
9078
1378
2827
1365
6656
2831
9402
666
1374
9236
8594
5434
9990
8396
1959
6717
7360
8814
1273
3591
9143
1565
5364
7870
7987
9857
2728
697
7755
844
9462
3186
2222
8641
4551
8878
1472
305
9545
9198
9542
4491
4633
9532
2888
2944
2601
6600
1758
3875
192
7254
1792
1908
5124
6131
1765
7852
6828
5873
8696
6290
9059
7270
4932
9962
6149
2756
268
2046
1955
6162
6537
6588
2046
5777
5884
4647
2378
7643
4874
8922
4897
3018
830
21
9150
2595
4225
5978
8468
9273
2269
3879
6543
3553
3842
2692
6309
462
1090
8264
6624
3980
4852
5022
9757
737
6021
8487
4732
896
7409
9629
3914
8239
6002
9416
7187
227
5395
2007
9500
4016
5887
2395
7569
6081
5088
3878
6543
2530
2143
9519
6510
3347
893
2620
436
6914
1107
5168
7810
4869
4797
8077
9460
7151
7493
6647
7378
9240
5007
3230
3256
894
5626
825
3327
7066
4704
6222
5948
6847
2093
8811
194
2986
1431
6983
9900
8890
2151
4063
3759
3301
2140
3220
452
5985
6219
4183
1578
1226
3765
4834
8472
5743
2012
8151
9161
6716
4373
5110
9915
6466
3921
6461
5804
5352
3444
5705
4242
5596
9768
4354
5249
8260
7574
2053
597
3793
6236
2175
1372
6354
3362
9844
2097
5374
7996
1259
2090
8721
6369
8357
1540
6642
4818
7344
8346
4615
3049
2588
6563
9169
3294
1812
7429
868
3865
4379
1014
6454
6554
2386
2808
6268
8582
4905
1642
2930
2516
84
1652
5237
8441
9544
1879
9612
6888
225
4227
6290
9166
790
5459
2460
8954
9241
9681
2819
3620
695
5625
174
9433
8433
6443
4367
9691
4437
7298
8559
4522
5302
3797
9315
4846
2028
8927
8086
8606
9506
4376
4124
6648
9836
6584
5602
9077
2617
4774
2697
9664
399
9223
9097
5185
2018
3465
1228
2808
7115
9787
7330
8769
3584
2997
9967
5613
1925
8053
571
7783
2430
4695
4432
8618
7631
6386
4047
249
7512
3096
9913
7912
2319
5363
9449
690
5180
677
3498
8647
464
7180
7416
401
177
7383
6014
8454
1788
2937
6238
570
7632
7022
9188
5263
3408
9587
1864
921
2683
1778
5185
1355
3493
986
2045
5025
1663
1895
3672
8479
5427
7440
8880
5604
4823
1246
4059
2963
4183
6649
3534
1815
3671
9074
7079
3431
8662
8943
704
7697
7073
2241
9052
6918
3227
7449
1943
1242
5696
5615
9722
1123
3055
8602
6728
4230
9849
7139
7194
384
140
7080
2200
3811
2506
5631
3594
1168
926
4299
8866
4352
6540
4270
1270
6120
1720
3214
7362
7416
5181
7084
4892
4589
2039
7972
5171
8240
5111
2365
8624
5251
5797
7176
5414
8304
2807
9008
5824
86
9659
1042
4438
2552
5313
5708
8672
3385
5274
6034
7153
6808
9471
2045
1397
1510
17
6568
6102
1480
5286
4726
3083
7435
1903
8497
5739
1062
3858
7916
1148
9869
8958
1938
2421
4271
7647
1093
4008
9273
3480
1162
6081
9303
9559
3830
813
9577
6751
3267
1057
8389
7993
4141
5824
6248
8990
7916
3663
9200
5832
4811
9070
4790
6750
7843
5414
749
5289
9422
6374
5121
6936
8808
4424
6496
2638
1589
6073
5741
4856
3482
4130
9201
3975
6307
5450
2966
4223
9113
8518
55
276
3940
4845
3378
1784
259
479
3425
6034
6854
8546
2970
5662
2970
9466
4652
4559
1891
6746
5767
1726
876
4968
5701
7183
418
5019
1406
5883
3538
7813
2512
3830
2659
5890
5614
9270
6370
9039
5304
9576
3937
4627
1590
6907
445
6242
7818
8689
2988
3585
415
217
8554
6116
3752
5324
7488
1511
7560
1026
9324
72
1208
8335
2314
6823
7606
5036
2214
9262
4612
6152
241
6202
9411
687
8797
3582
9376
8137
7167
9791
4706
2073
2259
8459
3750
9747
6322
1310
7125
1998
7734
8334
334
48
1509
4292
5085
75
9906
6049
2579
148
2252
1991
7187
1049
5573
6563
5538
9092
2706
245
7518
1317
5056
1268
1065
1378
2578
4542
3376
312
2876
62
6712
737
4354
1797
813
613
4199
3392
761
6451
1735
7948
3852
3660
863
5742
9105
3569
5987
6623
4886
1043
7891
2303
8773
6821
6846
2150
3485
6074
8564
197
3164
9271
8347
329
9884
2546
73
645
5349
1809
4945
5553
1821
5808
1295
926
5729
7283
7549
6967
4678
1792
9271
3452
8613
2469
1954
8450
4895
518
5000
4411
6141
3347
4740
6025
2245
4814
6670
3946
2975
7967
9499
4796
3775
794
5723
5856
4429
9624
2824
9108
7769
8447
8912
2734
7268
866
1185
8515
7736
6185
2927
3878
5884
4019
9903
8129
8833
2926
8427
1808
893
7926
2957
1021
8720
5032
3229
9502
4656
6053
4962
8777
852
3874
1512
4472
1092
9049
2988
8828
5234
2267
9058
7470
6286
5314
1951
5120
4592
378
3280
1837
8304
6237
9210
3376
1269
2440
9230
2278
4845
4192
1055
5698
8066
8919
170
9158
7968
9510
4339
9554
1777
3397
7024
8064
5063
5327
9536
9655
5705
9168
1493
361
5406
703
90
3027
3143
9320
1657
4341
3513
9065
39
1579
7984
6561
7090
2305
6072
1429
1859
4201
1178
5236
8617
2594
563
8153
2249
2621
7322
94
9334
9080
7150
9424
8459
6645
8745
117
986
2258
9182
7377
189
7166
3939
3631
9471
6363
1412
7683
564
2591
9271
9182
1537
6186
3687
138
8807
1009
233
8142
6441
3735
7566
4901
380
2663
1370
7719
1273
552
5096
1463
4070
9035
5094
9894
1750
6507
3929
2315
5450
3200
1497
3339
9386
1536
3477
8194
8898
62
2688
5339
3797
6606
6592
530
9270
7962
8249
543
4866
3345
8358
5289
8733
9805
5183
483
2664
9112
2798
4466
2312
647
7805
1698
8536
7634
6244
7434
7697
5284
2773
1494
1891
5718
8376
7513
3680
6625
4408
4899
6323
2767
188
5056
8924
5371
1891
1588
835
4690
2406
9499
1689
211
7549
225
7845
3794
4011
1894
5430
6785
9741
7321
8855
8117
1186
2535
4743
5595
3786
1066
4714
3974
2474
9990
5697
4365
1578
2884
5407
336
2383
3449
547
9933
26
4744
79
4038
6639
5509
7175
6380
9183
6030
4497
369
4917
5592
2316
8704
3010
3382
9030
5484
3372
4728
6202
1302
7612
1609
1638
6348
1410
2185
6281
1437
3282
2712
5475
6273
4573
9002
2653
3756
5032
3502
478
9949
5447
9146
5005
8457
2529
4036
294
5901
8764
6496
7204
2728
4457
5194
5428
5868
7380
8061
3657
7014
773
9132
3287
5347
8134
2292
5455
9518
5794
2285
9467
1241
1432
4473
6051
313
4861
6345
2566
9977
9193
6122
2705
2
1317
4486
5870
5049
2547
5879
2063
3321
5011
1702
5020
9497
3994
6827
5367
6140
9113
1187
3734
6897
2012
9785
3562
6873
2482
6128
6850
8027
2251
5907
8029
3568
393
252
4969
2941
6131
7032
2614
7495
5086
7634
3344
9080
4461
5064
1572
9926
6251
5306
3175
8263
1443
6737
5136
277
9218
1986
4656
7821
4245
9038
7741
4639
5642
2710
7580
1773
6094
194
5620
1180
4180
5317
6612
4993
381
8184
1272
6632
3491
4447
1247
1286
7537
6383
1564
6755
4721
6220
928
8966
1610
8669
9957
7252
1379
3889
5378
3825
4083
998
5005
4615
2667
1617
9609
9400
9801
7233
2384
9644
1680
3631
931
5569
6366
8847
8676
7439
1419
9604
2758
3030
8273
2715
282
6004
6605
5660
9829
7040
3011
1186
8008
2030
2803
3969
1431
8957
1202
167
8601
2882
3799
5884
4804
6517
4731
3480
3957
2503
3085
6715
1885
7710
5782
2167
67
8739
4180
6248
2132
3543
7435
140
5573
238
4109
3356
9195
5311
3524
4149
4545
7323
33
9349
192
1117
9182
4149
9972
2267
7216
1857
6329
9351
376
2748
8090
4556
8997
222
4451
6432
6714
25
3022
823
3381
8570
6134
3257
2719
7032
6932
9104
2733
7125
6573
1915
7626
6545
4182
4843
4754
6864
546
5131
9612
8636
6039
4961
5211
491
1393
1925
516
4416
9101
249
9338
1587
3507
2057
8619
439
7513
1353
3916
4087
3268
1543
6984
3803
2738
1739
7019
3284
6870
2983
8272
2909
7945
9835
3400
9338
1761
268
106
7214
518
5796
8801
377
7853
7421
7168
1719
8774
1085
5806
8394
8980
9142
2197
8070
881
9216
1354
7751
8552
5978
7013
6497
2166
6765
2187
279
7034
8646
7493
3904
4442
6294
633
8648
3715
7801
367
8841
5238
6173
7236
570
5315
5785
8640
2549
1354
6346
6652
9906
8677
3665
6403
843
6783
4942
1122
3817
3588
8615
4073
8031
4909
4706
6679
8625
8859
7046
3818
450
9571
7406
1020
1238
3192
6013
139
898
2359
6792
804
1036
6809
3559
1879
3592
8501
9353
7409
8442
7968
1482
6473
2878
2540
9504
7855
1400
2902
1673
1850
2473
5432
9222
63
8624
5235
203
5874
7595
6995
6678
4983
156
6589
6863
3749
1442
6216
7510
9884
537
5345
2709
3415
7885
8565
7622
5637
1467
5647
7487
292
1079
6710
356
6055
1945
6911
1929
5892
258
4959
876
414
1548
4091
4163
9343
6659
8026
9227
7196
3371
8289
6963
7608
6854
4585
3246
8322
6585
7085
8614
7664
147
5322
3720
2093
2233
2001
4337
2491
6961
5213
2906
8509
5656
3421
4204
2316
1447
9784
5864
1170
8073
2828
8779
1279
3765
8377
5953
350
1814
920
4367
1962
6242
4439
407
8476
6440
4744
7319
9753
6310
6577
4615
1966
9999
8819
634
7798
8603
6499
8969
3028
9327
4100
4308
9444
8829
261
6147
643
1181
6866
2605
3776
1305
3012
2252
4097
4109
5923
3851
419
2501
8466
8737
8852
7285
9372
6650
2241
5871
1971
5269
1550
2423
9577
7346
1252
6191
3493
8248
3724
359
853
7500
8016
218
6104
2114
679
2028
2317
7450
4529
7135
6187
3381
772
1911
6383
3013
7782
8355
4635
5684
778
4212
3031
8383
6755
2876
6631
480
3236
3836
7980
1252
4054
4085
9718
1085
2465
8387
8535
6994
5522
1075
6727
6295
2986
9462
5660
7121
7817
295
2805
4948
860
2188
3331
7615
5065
9962
4447
8301
150
2428
5905
4205
2865
1976
1642
5330
363
178
8676
5886
1253
1755
8533
4239
1217
545
7712
5387
841
518
335
8053
9058
18
5668
4123
6332
6468
8776
6482
5248
1034
7039
8113
3010
8682
9795
3373
8860
4823
5611
6465
6578
496
7056
4147
1042
4769
9534
8235
1639
6221
6288
697
2591
8308
1173
8923
4776
9949
1758
6376
983
8797
841
345
3831
636
71
9043
5459
5682
5508
8389
2531
2565
8889
9925
3686
4775
8160
5325
7349
800
2374
9940
9108
3547
5216
237
9849
6974
6613
7184
2123
7455
7530
5955
4443
7601
4998
6255
9635
507
996
2166
9424
9885
2091
9462
4661
6603
1139
2010
7403
3513
8302
2864
3413
3518
3101
9614
6844
6066
6798
8968
9873
680
4923
4317
8281
6273
6924
4269
3132
7920
6435
8908
4158
4879
8370
8819
1482
9509
7181
8886
9375
5483
1750
9140
5354
1203
8754
2198
3621
1904
7518
3495
2585
8793
4164
866
5067
1088
5135
8199
5360
7923
7108
9518
9154
1830
4689
636
1340
1870
5874
7067
3706
3976
6207
5412
1531
4961
3962
5153
6865
1481
5000
5802
274
9164
6669
5341
6604
8156
9893
1964
2431
7001
1483
1585
8831
6172
8574
6523
4395
4448
9942
4453
4777
6149
9865
6308
7462
3827
7813
680
5308
2813
6482
1935
1977
9503
7276
8581
4012
7169
6898
6443
522
4733
4381
5706
7257
2955
8581
1652
3755
8524
2457
8532
1025
2322
4841
8488
2502
2654
9168
4162
1820
2002
6097
3797
1506
9726
8731
1870
3247
1981
8313
122
6714
9046
5828
3971
2001
761
5624
5757
5637
4433
4289
6663
6756
5482
5151
5610
4489
671
6124
6309
9025
2222
6458
6883
8300
1541
8753
1547
3522
3419
8021
236
2465
201
4208
4467
963
6184
6576
6600
617
7217
3263
3725
9052
4766
5687
3541
1789
1812
6202
815
386
9012
4050
8686
554
2804
6585
4076
6223
4607
665
8688
4808
4873
9507
2123
7409
2435
5076
4378
9653
8339
4456
8705
9458
143
8598
7599
8307
1152
4766
5045
164
8817
3731
718
1621
6669
1147
4196
7628
1812
9236
8788
3037
8744
7264
446
7531
2340
1176
7184
7031
1984
2241
6489
8480
839
4089
6787
8343
8855
1833
8508
4024
1916
5578
5645
4937
6725
9841
8917
8537
9078
7706
1574
4174
4970
8372
1705
7310
5901
5242
4341
7885
7483
7183
6365
4675
7624
9505
3018
2831
7690
7878
6856
9606
3457
8853
896
182
5047
9813
5072
477
7519
6646
1003
8841
1371
2708
2503
3624
4302
3197
1509
8138
380
4227
9165
4356
3732
2183
7187
7774
6414
395
7380
9871
9249
4628
6405
4296
4442
1477
4773
8313
4476
5776
7155
2199
4836
6010
5823
5491
9207
7332
3629
5939
7911
2794
295
1643
1329
3835
9417
7743
4230
3150
7614
9831
7778
372
4127
8572
1849
5252
6886
2677
7380
393
4876
8569
6403
699
4060
1963
8032
4041
7902
2295
6835
8198
3939
4516
8385
9708
2260
2615
9210
6226
2447
3341
6598
2926
1913
4800
4531
5151
7477
1911
5544
2354
480
8300
3053
892
263
7437
4933
8165
9733
8120
2715
24
2637
1100
6084
4897
68
1647
7475
8867
4988
426
8145
3253
5226
2676
8405
2703
940
3949
1409
1420
2249
815
8665
8864
8252
3598
7030
4337
1719
9745
713
4356
7198
6798
5605
7266
8445
3080
2485
9785
9858
630
3038
5084
3307
7795
4140
4247
8097
5549
2019
6698
6364
684
5563
969
4283
2593
1658
2354
8690
2372
3062
2240
5522
8667
9506
319
8099
8343
6456
7958
8974
9494
9394
2281
3642
3534
2880
1739
5436
4899
8437
8152
1936
4000
5473
2571
2945
7132
4925
1636
5856
7987
3876
1378
3006
9735
8049
1105
8078
4505
5415
7052
3999
4810
5685
3993
4696
8565
5732
132
9817
4170
8285
1753
4522
3758
4324
7468
7242
5601
9104
3098
3588
9332
828
2946
9067
8877
4051
3498
3382
5819
6902
3734
629
2588
7727
5325
7505
3460
1810
3674
7630
95
5427
8504
205
6103
5972
3800
1704
5076
6898
1644
761
7727
4590
6180
6604
4994
9678
6339
813
6581
73
7794
5521
7800
3119
9378
1260
1281
3053
5242
7728
4832
3747
7934
936
9719
1734
8992
1148
4984
6989
8261
9063
1579
4441
5668
6573
4120
2007
3738
7053
8432
1532
8926
6232
1004
4656
3845
2285
7709
5439
14
8894
5538
4300
6182
1610
2386
5174
9110
3722
2163
7371
2786
95
1812
8454
3020
2284
6813
6759
5689
5245
4643
4615
7829
1999
9272
1674
4285
3333
3466
651
2227
9004
1303
8409
614
41
9936
9724
3763
8451
7095
6549
8546
5260
1355
7919
7544
8168
1030
3234
9765
5673
4201
3947
7673
9825
1973
8310
9511
5439
5313
1738
4444
2968
6500
1410
3009
2788
1135
6772
1239
4582
3322
6138
9842
4677
409
7387
9198
1439
6973
5315
3464
1174
9262
7489
1000
1236
2151
511
3027
7464
8601
7471
432
1453
5234
9793
593
6369
6566
1833
7303
6240
4323
7146
7269
4732
885
2819
2523
7858
8135
5987
5384
3749
3477
2736
1337
5628
9599
4365
9445
4553
8188
6229
6006
3422
6023
6600
6143
8941
4785
3447
1533
5460
6945
8802
6544
7830
1622
9067
2040
6109
5054
7424
9858
4883
161
1196
6864
6112
1913
6309
665
6453
2538
3024
9876
4913
9624
6019
3854
761
5818
1739
2573
2763
542
9117
6945
2164
4536
8985
8273
5942
2762
4483
826
9275
2031
7690
5387
296
351
6053
6750
9241
9077
6626
4155
5053
8997
4361
2166
4816
6101
4739
3931
6643
208
877
5159
4744
6214
9784
7038
8976
619
4216
8251
2651
1906
3639
2947
8609
9692
6049
7851
5121
2675
2006
174
8025
2719
8692
9193
8820
3431
3124
1815
9991
353
3326
1087
6568
3110
8125
5544
82
2342
3796
9085
600
3787
8384
9210
9831
4434
7061
4952
7109
5419
1478
1486
8138
170
679
6959
9953
3804
5126
9944
4157
8453
7383
725
7915
5508
2622
7997
4202
2770
7082
1155
6557
5467
365
6388
9901
3778
7692
3362
9197
9170
4849
7335
5692
1880
646
5645
5684
2125
1941
6194
578
5676
3271
8493
7536
5893
2843
1739
8663
6277
2894
5220
1744
9611
7960
7997
9741
5652
7712
5290
1174
8913
2625
6866
793
9624
8863
2830
1749
7156
9024
8679
2832
2295
3524
369
8189
6367
8460
3204
2645
7706
4777
741
7317
2737
5091
3410
8390
2803
8700
5916
8068
7677
2783
5213
7301
7998
8043
5402
5155
3419
4081
7987
5715
3958
4708
256
325
3168
9812
2970
874
4589
64
4543
7327
5155
7953
2069
4310
6653
7985
8730
683
7120
3943
4336
5119
8339
9739
274
1758
172
4613
3825
4130
9322
433
808
2490
246
130
9717
1187
194
4260
4866
5349
8566
6935
6011
1571
1273
4741
2254
8393
5037
6591
9864
3376
2682
138
5134
2854
1104
5312
3337
6778
5745
4145
9268
2343
4275
5337
9883
822
5950
4749
2523
4516
8037
8535
6087
9310
9628
4694
4055
4665
1285
3920
8041
3967
410
9528
3173
7866
4840
6510
4644
6937
7007
265
5633
1283
5602
5516
8457
1552
265
980
2420
8302
9515
4860
3964
9144
9554
4372
161
839
8292
8203
4806
5054
4083
7979
2921
8923
842
7565
2212
7849
4182
7845
5484
9785
9713
3941
7689
6331
4922
110
985
789
4970
1302
6285
4524
5674
6447
1715
3966
1002
2873
5372
5085
7204
4645
360
8046
8563
2572
2248
2745
6770
4084
2530
2835
8026
6572
9166
9300
6682
6504
6441
8004
7806
2727
8880
3480
5526
595
3798
6528
9820
9170
7965
7024
168
8325
1423
8731
897
3671
1476
4019
7755
4007
6855
2133
6931
2373
7785
3613
5229
4227
7969
3035
3306
6849
6515
8832
3796
6665
5360
3616
2188
3325
640
2356
8002
2063
1087
5251
2086
8915
9271
6194
9274
2478
8327
6205
1203
6113
9818
6433
6692
7787
9468
9998
988
2336
8830
4784
5353
542
8400
7541
219
5393
9897
8221
7456
7336
3472
5895
6252
9095
2089
5526
7925
6768
1732
5481
9233
7902
1914
5925
2042
7734
5923
3030
6422
1105
7815
1776
1647
2567
9317
8218
7960
5567
2791
1769
9255
2616
7664
5507
1711
6105
7386
5989
2873
5470
1470
2107
3372
9736
8032
5414
7470
308
8445
245
1413
2612
2021
9413
5179
7690
7631
9492
9609
6775
7613
5217
9391
1629
7076
1102
7734
4462
3443
6959
9932
4913
9066
3305
4649
3451
5071
8472
3759
9868
8717
1524
2480
7090
7289
4012
1132
4921
3504
7094
1696
7469
2311
1087
9098
9387
8541
6832
3850
8337
143
134
3250
9210
9791
4252
9013
4863
2724
9124
4731
7793
648
3564
1235
4290
7576
8719
9211
7432
5813
7259
4901
8124
4698
3999
3864
9591
7183
4066
7928
7326
4200
7531
2888
344
1783
8253
5207
859
7377
6290
5004
4378
9854
6239
8668
3782
4958
4231
1214
7124
7842
2467
1600
8892
6466
5464
4835
1
9530
2764
3680
83
6647
2920
427
4782
1174
1986
5641
8551
8276
645
9281
4483
3236
7949
4617
4546
8532
2184
1670
6374
4651
3271
1618
7470
5087
6454
7471
4618
5570
7503
4701
2217
424
5128
6999
1598
7114
8992
6501
1742
5989
5783
2577
9225
3732
7195
123
8617
9379
8146
4991
382
1417
6610
7852
6504
3064
5324
7474
8634
2827
2175
7203
9603
3655
4202
1201
769
9546
7703
8864
5535
3486
1441
4760
3570
4988
1235
2187
719
9381
3531
1102
7150
141
8954
3655
9557
630
7481
4543
9810
9657
8098
9413
3312
2300
615
434
1846
4670
5650
3733
8156
7091
4845
8078
8432
6080
266
9151
5462
149
253
2612
6642
5560
2619
6199
6190
101
7094
2352
6110
5192
1766
5774
3844
8733
6208
2042
3403
1858
5775
7911
5302
620
2341
86
6700
8959
9237
8514
9108
5843
7479
5750
7755
98
8301
3945
199
5395
2650
2661
6939
4416
8436
7135
9501
4644
9177
2904
2855
1304
7167
4509
8276
9508
4595
1329
8468
184
9843
7576
6027
7322
9679
3782
7421
7980
4080
3972
3376
3082
2986
6667
7498
1422
3803
3351
2418
2980
6255
5273
637
9774
6134
8913
5634
729
242
454
914
86
8031
3293
3760
4062
3428
7533
2042
7508
7858
1770
590
844
8438
4440
2266
8593
7791
4684
7925
398
6310
8562
6524
2444
7476
2158
3174
4070
2613
440
4156
6996
3733
4269
1058
7161
1802
9452
1021
9660
1223
7963
504
6013
8755
9122
4606
2898
3807
2531
3296
6469
1094
9820
8913
4922
8331
8439
8992
7296
8879
9501
4292
8965
3770
1702
2478
1924
1154
3500
7937
8729
7815
8441
4742
6571
3916
9348
9469
4075
8232
9118
544
5678
5290
9457
600
9973
7897
5944
7269
3128
1797
7913
8445
1919
5967
924
3844
7122
776
1781
2203
8591
6574
6946
1514
490
2646
7336
4565
878
6454
5109
2908
8096
919
3508
8070
5168
5805
5339
4648
7602
3253
3094
9522
9220
4018
9718
2694
4794
1499
1250
3385
4425
8196
1252
1268
7194
8588
2185
4425
5042
3647
7333
3138
4566
7194
7560
6086
2999
2900
734
601
2505
3828
6475
8077
7846
6193
7124
2640
4044
8374
2378
8470
2922
9982
9738
6468
8570
1923
893
9964
1922
4579
9454
6488
1773
7015
2574
1124
6267
3309
8077
8772
3489
4553
3201
1336
7098
325
328
1143
5051
9058
5965
4325
9040
5703
794
7610
3978
8039
3926
5901
2618
3381
8741
743
6748
7668
8219
3015
7329
6297
1787
818
7202
1340
8506
4300
8018
8835
1795
3069
4245
7760
7395
3286
9815
4541
7248
146
2580
1175
2399
5199
4556
1140
2294
1304
5160
514
671
8841
6811
8810
6012
365
150
4518
1017
8168
9705
2813
1238
3951
573
4985
3589
6741
9526
837
6887
2106
8364
9286
3657
2920
6778
5952
576
8291
2818
1247
7132
5981
6409
3144
6346
6560
4015
7363
4728
72
6528
2318
375
7102
7303
3964
195
3181
4802
7082
1640
3166
6368
5297
2439
9498
7601
9367
7789
419
6967
4922
2752
3376
4418
9098
6288
4785
2814
1017
4858
9342
3335
5233
2796
6991
9198
2991
172
352
6425
8164
9870
9145
3462
8661
8644
7415
4381
6433
4187
7700
7707
6939
1076
8478
2390
7365
3263
1556
4734
4473
898
4421
9707
47
1412
5257
9390
7937
1961
5816
6101
1831
1313
5915
6845
9957
3331
1226
2743
7518
8926
6802
809
6354
5280
3199
71
4896
4755
4805
9369
2006
5579
5428
8405
3343
7037
7795
7632
8998
9963
3734
830
1277
6001
4027
7586
5684
5253
329
9554
531
3484
364
3237
5116
9915
3309
12
1023
4466
5734
9381
45
7514
7786
9741
4552
1933
7373
3550
8249
7459
732
5878
3461
4759
3464
9145
6364
146
8700
3247
3630
5416
2837
8746
5331
6146
5111
2706
6964
845
2087
3362
4711
9873
3103
9263
8159
476
9166
6408
7936
9898
2286
7749
1010
5750
3246
3726
2248
8298
3326
5878
3714
6163
4625
5398
8661
9736
8104
5625
6933
192
5339
1644
65
4794
7260
8224
1623
6426
984
5911
2676
3270
3660
38
5373
6906
3765
7621
5205
7091
3500
5271
9606
4477
669
8267
565
8774
244
7498
5318
1936
5494
1735
6730
2754
6312
4705
5532
7296
616
4561
6919
628
4599
2292
3887
4716
6265
5444
8159
6117
715
7765
594
7737
6032
7511
2863
2629
5009
8181
4565
6856
9916
1295
5962
6228
6001
7847
9877
2969
2408
6796
3598
7007
5440
7485
8076
1705
9281
6235
7823
9996
353
4769
4085
6385
2281
6948
9014
3642
5129
3579
498
1398
1227
2813
7626
3580
660
3855
6549
3068
651
6499
6427
6091
336
4503
4149
9617
7091
1972
5966
7444
3093
51
181
5374
7000
5548
9017
8481
5479
5867
9879
6706
8680
7506
6638
9340
7713
9540
8760
8365
6039
5188
808
2728
6043
4957
8697
9486
6929
4663
6930
23
4715
3464
1749
8067
9012
766
6548
4491
2986
6428
7550
1666
286
4188
7359
7999
80
6119
6364
2472
7659
3525
5200
55
8482
3897
9541
1764
4913
2824
8139
9628
6288
9888
4047
5300
7007
595
9791
9993
3375
3693
8011
3661
4234
5370
1661
4314
7842
4377
6786
5501
4254
8338
5556
2737
8588
1450
4501
3501
4274
2640
9481
562
8880
3528
2214
5887
475
2005
2232
3851
2051
244
3864
6285
1966
1877
6951
6160
2607
3738
1662
6861
8428
3570
9598
7016
1372
451
6869
5646
9443
2702
2560
8324
2582
4774
563
3058
3132
9148
3261
5183
5744
7125
1468
7710
9003
8419
3871
1610
8509
1885
8471
3290
1807
4422
6658
3180
4873
3528
5178
669
6230
7739
5345
8813
2513
5908
8223
5645
5056
1484
7180
800
4961
5000
4863
3964
9772
5086
1926
8281
6971
6750
7923
5130
1172
4582
8310
2397
4462
3489
9418
7044
1228
4763
5857
93
672
432
5739
2080
8268
2919
9233
3230
4272
4096
3546
4044
9182
5473
8677
2505
8575
6601
7635
9747
1183
2298
8496
5645
5787
7915
2689
3367
2678
4899
3460
9702
1683
5551
1783
9952
4823
1016
3182
9095
1464
6728
9491
646
8553
8168
3151
7128
4769
7138
3227
5952
9436
1724
7949
1575
5991
6991
4942
5021
8242
4755
4724
9925
6658
2859
9877
7833
3875
3059
3280
1691
6140
2771
2337
4693
940
1840
1822
5709
8978
5049
8014
4767
3125
2315
6342
5468
5658
7637
490
3900
8744
5214
178
1754
4425
55
5940
4652
9467
9220
6343
5607
8344
8680
6652
9284
6872
4826
1345
2202
6228
5711
6969
9353
4379
9664
1174
37
3653
1664
290
2397
3230
468
503
7655
523
6443
2307
6342
5664
8650
1949
4008
3682
4954
9644
6906
9780
7341
9108
6008
9405
6078
1714
3784
2094
2888
3821
5747
4552
4111
8144
4134
4579
4999
8141
1455
1443
448
7797
7107
5450
6099
7467
5484
1053
3463
2390
7185
804
1498
3194
209
3928
4908
345
2374
4148
4167
8121
5052
4630
2617
9186
5562
7617
7327
3369
9060
4127
1166
2519
5929
3617
9986
7765
1022
9801
155
8208
6957
8005
7754
3519
8286
2662
3864
660
3162
4383
5134
8214
9014
7751
3752
4576
1720
7431
4297
780
1558
5463
9651
3839
5433
5989
1604
6455
5790
8111
4663
2748
2468
2417
6267
754
1431
6483
7767
4593
867
2901
9159
9881
7004
2911
809
8725
342
5106
5857
8252
6921
5509
2091
2354
1498
47
5162
7289
4510
9825
6389
6979
8595
9008
7733
6378
5491
1852
7324
6358
4753
2835
2591
1758
5747
3400
6835
2441
4858
2692
694
1780
8201
9137
486
9700
5537
5648
3341
47
1826
9730
7026
6773
8738
1112
3151
581
2964
6827
6940
4070
9663
9531
2180
1762
9284
9015
4203
494
1707
1249
2274
9909
387
9113
5961
5924
1113
9302
2323
2939
5384
9350
9712
474
6814
9216
1055
9778
6043
4347
200
2058
3879
2380
3820
9515
1395
8024
9
9455
9273
8636
5716
6012
7749
1677
8288
8862
7331
612
8154
9067
6314
4218
9541
3128
3434
6948
9258
5830
1296
9459
4240
1527
8191
8061
1042
5939
2437
1051
5394
1710
6039
7462
4075
3788
5491
2363
9003
2822
2975
3509
8241
5641
7727
7782
8769
7514
1082
4380
9696
2378
191
3936
3905
4734
8349
4947
673
786
2351
2419
8849
8390
9881
2924
8531
5372
5287
3886
4546
4615
7395
2787
6608
1474
6921
1730
8988
8004
6110
5036
382
2653
8973
640
7387
7322
1939
8061
8109
642
6832
3310
5385
6714
6234
3916
8438
7873
4154
2985
8840
7901
2124
5449
9375
5398
7179
4716
3402
9641
9752
136
2294
5077
7128
6033
8752
9068
446
3213
9710
7279
6523
5095
345
2757
5363
8783
6982
5869
8120
5823
3770
245
7624
9498
5643
4803
566
5397
796
6670
5533
3090
1748
2662
5475
500
8082
5922
3713
4144
9553
236
9240
9898
9345
955
8681
2679
6825
6802
8502
6947
3399
6126
6445
9042
7281
3363
4439
8077
34
6324
7519
8134
5338
9347
8634
9772
5269
8699
3917
4822
5287
3157
4720
984
464
9753
3663
7289
2907
2166
589
6306
4644
3386
5348
8278
6750
6139
2707
6784
8816
227
1270
4154
9574
9904
3927
1195
4955
4196
2369
242
3705
7089
1226
4169
3194
4889
7811
6102
3407
8400
2408
4404
1786
4109
2682
8536
6600
5389
1672
5416
1968
2942
5923
7894
9198
6202
5441
4153
398
7810
4395
4103
1251
1973
8272
4446
3215
6083
6900
6622
4483
5660
7378
2622
9769
60
1158
6370
1802
9183
8138
122
8477
4061
4369
7676
263
9810
8181
661
3973
8929
1116
5224
902
9389
6022
4117
1824
2922
7092
2660
8583
4470
5282
4704
883
2792
7426
9037
8327
5565
9159
6805
9626
9880
833
6242
6043
9014
3255
16
7943
4372
1592
5198
113
7615
5667
8289
6889
2759
949
1824
3582
2583
2881
4465
1728
307
3502
6407
5872
9013
3212
1851
5246
397
8093
1289
9412
1348
7657
3707
5720
5601
8905
2185
9568
4573
475
6458
3684
7776
4634
7266
6712
7515
8083
4792
7823
1585
1199
47
6951
4412
1898
8549
1161
9991
6190
573
7692
199
4281
9764
5800
9538
1950
5369
4111
8777
8179
4148
6553
2813
1414
9617
6681
9498
4409
856
7435
5609
903
738
6373
2802
9287
7534
9145
1829
8108
6837
2028
8741
6602
7829
8279
8552
3198
8743
3681
7729
2891
234
6894
657
9852
3575
155
613
4431
3943
6222
1687
4681
2595
4489
321
6482
3634
8502
942
6824
531
9683
3426
8360
4314
8330
7910
9409
2011
5639
8652
8597
8885
9310
4801
2461
5817
5415
3244
9760
7989
4931
794
585
5772
7467
3419
9407
5969
4361
6231
6500
396
6009
1212
1062
4339
9122
472
2702
1113
9124
1299
9999
8434
2453
8812
4252
7868
2056
364
5857
3340
1158
2794
9112
4977
6213
4871
947
6926
7454
7447
7322
3463
8660
4737
4154
4134
5209
3208
1600
685
4508
1599
5472
3313
6763
6076
7533
5171
6440
3390
8511
3951
2537
3976
8928
5102
8847
9875
2029
2654
3675
5703
2469
8687
440
6624
2821
2001
9832
773
2687
692
8724
4511
4005
5487
587
1538
7011
7027
1281
5522
7330
170
5850
6259
5272
1050
2486
3653
3704
2513
5709
6173
1200
2501
2797
374
4503
8982
1147
3542
6026
6224
8053
6384
1711
4992
7922
8722
2019
5555
597
5702
5725
6447
8313
7350
7497
7151
1003
7553
9665
6712
3727
7217
9214
2876
7591
69
1858
5091
9963
7885
1315
8016
4269
9378
3008
8543
4453
1379
451
1402
3433
2528
7849
1746
9878
1699
8898
7234
9252
4915
298
9331
2132
5864
2208
6076
5933
418
7519
5896
4655
8834
264
5276
4564
9624
172
9017
7356
623
6771
789
3151
973
8888
9382
9024
4138
6616
8276
9053
6914
3960
7537
2779
6168
3613
5064
2938
1132
7313
7594
6318
3929
2870
7235
3554
3042
2604
7262
17
9376
4403
9521
349
9643
8903
9373
3781
5519
4001
9186
8785
7961
6724
1564
481
6689
2981
3420
4174
294
7366
492
4223
236
7727
4129
9631
332
1391
6000
9708
2147
5521
6409
1790
4424
5782
5572
6295
9783
1110
1433
4097
4186
9349
4578
876
2330
4350
5050
2624
1716
1894
3200
8305
5974
7329
7936
2658
5073
3936
8718
7220
5810
5127
5362
6586
909
7286
2882
7044
8397
667
1141
2583
16
2072
9811
2347
2774
1213
1323
4491
9460
875
2796
5434
8205
7084
8092
9630
7372
6810
3202
9534
1937
8564
6121
9198
5851
5355
6242
600
6022
3736
3183
6038
2160
9347
4737
4934
560
2413
5777
20
3288
8573
1806
7845
2009
9898
7475
5734
3060
677
5268
4997
5594
1389
547
1445
3096
3142
2045
9118
6878
1580
1509
5390
927
6246
324
7840
5011
2454
4212
8300
7379
6019
6145
9389
5917
3621
1475
8978
650
6743
327
6244
4485
875
4041
7581
4017
2438
3052
7247
4019
4561
8989
1298
7159
5665
5490
2171
8119
9703
471
5499
5722
2968
4888
7991
2941
2715
6969
3592
5810
3649
6188
295
876
6582
4229
1245
9020
7281
8492
9391
8194
3833
7042
5353
9498
2532
7524
7618
2235
4347
3117
4309
7316
4357
2301
257
7072
5622
201
9234
9271
2742
9530
147
9324
111
1392
4696
7392
6236
440
1938
69
7482
7291
5920
6366
1168
3538
8602
5515
3007
9263
9183
3716
1564
5793
788
3539
2346
6374
9162
1440
5904
5662
7116
6015
3406
1813
9759
5995
2253
1697
6064
6087
5341
8336
2453
6509
1874
7407
8376
1233
6671
3912
4949
4587
9705
2089
4478
8403
8464
3641
9844
720
9303
6960
6736
2709
5125
2847
5056
3730
897
7473
9817
2590
5809
2271
9099
4036
6030
3827
5269
2701
7739
219
3641
3796
2308
8119
8552
7124
8112
8396
7845
7415
1708
933
6477
3186
3780
1533
6916
1029
9006
3086
3619
1168
1709
9070
5204
7739
2898
473
441
6989
692
434
7138
9353
4905
5690
6477
3018
438
4322
433
2146
5255
3262
1684
5388
1148
8601
2769
6506
1687
6389
7674
3396
1811
2878
1135
4709
3352
7928
8051
396
4714
5189
6101
9620
879
8931
2638
1317
9605
9423
9815
1213
2686
1500
6601
186
6453
9370
6692
8140
2111
4367
7888
275
3597
5375
4984
3301
9656
9387
50
4370
4576
6151
3990
1807
1434
2980
9476
1040
2404
9292
2253
1442
7144
5206
1628
3597
928
8320
1737
3040
9039
5977
3315
2637
1352
4651
5938
1008
391
5988
5379
4967
8492
5721
3127
9926
8702
2603
966
1106
1895
3219
2548
9039
4777
4176
2636
5706
8848
725
8746
7888
6702
8413
6877
4407
9416
2815
5415
9807
5156
7146
1127
3648
2868
4254
9926
7922
3209
7245
5380
1457
6816
7928
496
1594
8456
9485
7300
3656
6562
2398
7896
3265
811
4773
7672
6579
3941
9439
2739
9097
6586
218
9097
5806
824
5375
3728
4033
2620
9108
5490
9437
3388
2339
1031
8196
1824
8331
1852
4738
729
9749
4355
7892
4522
8379
823
8463
7819
3562
3912
4405
3780
9361
6563
4604
4737
291
4990
7357
9399
480
6794
9139
2819
7825
7335
995
2508
9187
5734
3237
5288
89
7481
9811
8469
8305
4626
2640
8219
4891
3397
2000
4252
9960
2956
8989
251
7946
2699
6002
4779
9493
5141
3950
3671
8828
4946
2531
8015
7032
2121
3304
3473
9602
9467
8294
4259
445
934
2479
5336
4331
831
5941
643
3787
4930
7246
8086
3981
3248
2865
3475
4741
6815
3498
3569
8113
6029
7937
1497
8150
7593
4971
4105
7060
3265
8364
3857
4200
843
5546
4883
1674
1487
5527
1814
2769
2773
9900
6751
2374
9117
6578
3467
2284
76
7037
6750
2457
1326
8247
6960
8919
3218
1065
2331
2836
9429
6188
7036
6625
1734
8271
4651
9573
3798
6465
2343
2924
2717
9094
5298
8186
2024
8765
6823
2100
2154
9925
909
3480
8172
7869
8751
7743
8934
1082
579
4716
3623
3967
7693
1709
2238
2344
1283
2389
5162
9978
5313
4231
9072
6963
8770
1096
5728
5593
9548
4235
5518
6809
4067
42
4679
2819
7785
9965
253
4716
1033
228
5035
8726
1938
7274
7423
9573
9663
8937
9551
1328
3168
4975
8291
1938
2423
371
3883
1971
4606
9401
8780
8674
5796
9811
7845
3581
6129
4450
4650
7162
4679
9685
2241
2969
3311
9664
2542
9326
4953
8445
654
8121
3420
8945
6412
5843
9317
295
4166
275
6049
9298
5301
1845
9110
9498
1778
5239
3949
6428
8753
4980
2466
994
7949
5777
7010
6843
5104
1963
5288
5758
85
5060
1056
2849
903
6725
3144
5069
3352
9193
719
8654
1038
9829
8152
2817
1420
8453
5597
174
3433
8063
7520
7734
3841
4531
929
8945
6494
2569
1055
2931
7629
8463
5780
8532
5188
5277
9953
8541
4470
673
3547
5509
6854
8051
4678
4627
6505
275
4801
6290
8339
2321
4025
2180
3204
1306
7477
9699
3876
8532
8982
1505
6996
1115
6390
8536
6392
2695
3429
862
9720
6976
2723
6575
5028
3753
1202
7885
4029
2355
4175
8720
1028
8200
900
4233
9507
4729
284
9735
9613
9266
1240
2961
6733
3982
1498
3125
6678
4927
340
6398
8256
9415
9325
9636
3169
6879
7521
3550
9234
1696
2270
6615
6249
9522
848
5756
4251
7484
5491
3864
3102
3083
6826
9836
7066
4676
9313
96
5955
9653
2846
4211
9069
8524
199
8590
5403
7720
2140
990
9417
4410
7605
2018
284
4805
7774
4535
2289
9617
4751
5391
9052
7929
1579
2470
2605
893
8918
8561
546
1765
9124
5967
289
5676
4557
2044
3396
3049
9386
9165
3811
3343
1183
4095
8148
5309
4982
6789
1278
6086
8533
331
4015
112
9153
2973
1005
8072
7886
7904
6189
3362
3871
6478
9038
4781
4874
2435
4182
4261
7952
7994
7604
9136
8441
2105
797
3424
8894
2076
5862
7427
8759
9877
3892
4264
2850
4897
2336
736
9153
8525
4099
9377
1355
9489
4158
6230
1924
4692
6843
6229
2686
4447
1717
7480
2904
2514
7256
1799
942
3118
5578
6053
9347
9470
318
2198
720
2654
9286
6225
7532
9737
5602
5239
9227
6112
1469
7503
805
4664
84
9843
5464
1801
7323
8368
4316
931
167
1610
4049
2098
7664
3397
7920
7982
1947
4992
6988
7585
1218
4520
3675
3172
9760
9254
9285
7581
6757
6442
8598
6842
6285
4062
4995
9961
2430
5663
7244
2598
7274
7646
1048
4938
7395
8968
2920
9342
3961
9908
3279
1531
781
6954
4703
6893
6208
340
826
9318
6782
9424
2512
9420
3486
7507
5733
5917
3171
2977
4867
6797
623
5915
1735
8018
1235
1007
3712
1548
7267
6992
3079
8048
298
4135
1293
6507
4475
2120
2177
7610
1544
4689
7030
1383
8548
2763
7300
8071
5740
8519
4868
2716
4434
2955
734
2021
3962
4447
3570
1230
7791
6649
5630
8089
7136
6924
948
1612
5396
3125
9222
3292
4166
2604
4675
9067
5367
8327
7138
7459
6846
2007
175
7632
4962
7262
6006
5277
8061
9576
6507
5852
2577
8489
293
9714
5413
1242
1326
7161
719
6900
454
1238
9504
1481
305
1223
9809
7443
8682
3007
5802
5210
6992
7117
2472
2998
2394
533
2574
5253
6385
5151
94
3030
1217
5508
4272
8895
9021
1344
5795
9475
2582
1651
957
9239
2874
7118
6682
7909
125
8837
3119
3469
5954
1943
6467
4700
2476
5393
6305
5213
545
6399
8243
1762
8259
8868
658
7281
6564
2805
3108
5498
809
4065
4737
35
1183
1419
7944
7661
6608
7415
1130
2562
5710
3950
3614
8186
9343
9919
9751
6240
6319
4347
4355
930
9567
1365
8211
6131
4170
1320
7981
1331
1737
2718
1367
9273
489
5663
6934
7098
3079
4416
9660
5141
8366
9627
9680
4062
9546
9431
302
2217
130
4657
3148
6049
6022
1359
8532
6545
9031
6513
7876
769
9231
5595
42
9721
1259
3328
6819
690
4096
2831
5831
8815
2458
5511
2877
2005
1295
3179
574
1425
4189
3722
7475
211
1434
6007
3108
465
8873
7337
7586
8104
2932
3980
7825
4191
7308
996
1233
7757
3828
7065
6572
6286
8928
9449
4643
223
2628
5218
8001
3169
5292
1828
3381
6726
4187
2841
3544
3060
178
1130
7517
3111
1463
1694
3654
8771
2691
1240
2880
2871
8305
9452
5509
3585
8901
153
161
7882
1723
4514
1051
3367
6342
784
94
6881
3626
9990
6294
156
1120
3811
9619
2583
5505
3274
7707
4548
4514
587
7419
9171
6392
2929
9108
1645
9434
9269
5879
7509
3783
3283
876
6477
4067
970
9711
4045
7312
6005
4202
8433
9816
3821
7368
1673
3447
1427
6222
4313
8367
9993
9836
1111
9274
8945
2756
8708
4566
8636
6217
8350
1919
7094
1179
2338
4416
890
6384
1729
6895
6938
6514
3063
7111
234
1089
6911
8014
3663
1224
6381
3656
1061
7492
2931
6358
6600
7991
924
5236
561
5626
3507
7655
6806
5846
8423
4048
8582
6504
944
5520
3018
359
8983
9605
7800
5894
7619
1463
7119
352
1472
4532
4196
755
890
796
8746
1814
6033
5659
7441
9540
3314
599
1738
8090
4647
320
4594
1943
5840
3965
8655
4824
3570
6455
7070
7541
7919
4189
7893
5743
8721
2089
2850
9611
9237
7948
7778
1622
3608
5219
7515
6922
5818
9253
1364
6817
9574
2311
8761
1766
6276
7416
2942
6198
3871
13
3739
8142
4202
7984
237
9276
6425
3087
5239
5662
1036
3017
7285
4644
4588
4800
7918
6758
405
9283
3576
9979
1594
2337
1746
4222
6105
4688
420
9976
4701
511
4471
5256
4847
4708
4532
7624
4148
9771
3286
5184
9141
6923
6180
3729
8075
4098
488
8481
9733
4064
4812
1327
2753
6558
1901
8858
7599
8673
5186
8652
9184
9657
260
383
718
4792
8007
4866
916
7646
6402
57
921
2582
138
5349
6680
626
3830
6414
4690
8642
4093
7443
1553
5995
2653
9152
4668
7840
4156
205
7497
4417
6940
4567
5561
1300
5785
2829
8946
2187
2886
6219
1121
9377
1568
4154
3
1750
6920
1046
393
1013
4841
8298
3360
7495
3802
4381
5335
7958
938
9184
8727
7878
3752
4289
9178
5889
7118
4476
4429
6357
7048
5550
5734
8616
9704
5737
367
2976
3135
7112
342
7977
1762
3702
5472
5564
4435
7159
9874
5373
6343
8602
9604
6447
2891
5134
2337
6361
9611
3118
2718
3011
8668
4804
1627
4725
6894
8346
7701
29
1810
8043
8006
3572
8098
9830
9136
2533
6989
9011
4259
9685
7613
3863
6132
6856
8997
4821
3217
4960
7939
2288
7971
2960
7092
5951
4037
3986
4297
8090
4016
6108
2486
8374
9680
584
4557
5169
9469
1546
4180
3728
7583
8145
7591
3716
1353
2941
4889
922
7901
9181
3210
2225
8493
303
8176
2530
641
8825
620
1009
4933
3106
5736
966
42
293
6135
9512
8191
315
9592
5775
4812
3536
5843
6165
6477
732
7087
730
6265
6650
2955
4758
3305
7483
7288
3946
6309
4261
1308
7594
3719
7044
8560
3762
7337
4695
9626
1880
1362
9218
7655
2526
9106
3498
8691
5583
583
2131
2666
6848
8781
1973
7959
2086
9457
1599
2384
2118
5860
3692
9712
5932
7088
4625
9694
4425
9320
5672
6306
7035
1242
313
9561
349
3812
4605
2284
747
6736
1302
7595
1869
3276
5554
3955
9085
7154
2691
1203
9366
6384
7267
5298
3472
1892
1344
4250
7565
3368
6908
4600
963
3573
513
1312
7385
5118
9948
4484
8206
1251
2080
75
4527
3986
382
9964
7492
3074
1167
3211
5810
4786
8509
5634
3031
6206
6236
596
9574
9496
1548
537
3070
2061
8201
6807
3532
4502
1292
1738
5753
9724
8166
6632
3710
8548
6596
7555
7974
4115
766
136
8901
5627
5771
1932
8185
8359
8880
4112
7856
6780
1001
926
5194
9203
4085
8726
57
5377
6816
5810
5101
4982
8794
5164
9883
1742
9071
7857
5857
6189
7994
1110
1816
117
9395
2
8476
4627
466
6332
1408
1467
3610
6602
670
7696
5328
727
9425
2144
2889
879
3479
8035
6043
3362
6129
1466
7571
1986
7655
1917
9449
5823
8386
5196
2177
6863
9823
2643
9547
1231
4111
9510
7833
1133
3558
9513
8213
9335
8010
7454
214
1489
5490
2609
1203
1619
4075
5126
9958
1730
3396
5759
7554
1782
955
6083
4997
7130
8727
897
8362
2838
6759
6195
3971
317
5709
2184
6004
71
9639
6219
1560
1481
8828
9115
9452
9256
593
9410
7338
3989
1521
1244
5772
2476
7328
7121
9607
6055
4370
4321
8893
1129
6868
9216
7798
8929
1401
3803
9000
7392
22
560
5225
5202
6027
4677
4458
6621
440
1797
610
1961
9393
2734
790
6721
6208
6749
2776
578
1070
1669
1708
7938
7238
5858
6868
4991
9661
5868
2383
6035
2781
3960
7590
5160
8637
8400
1781
9077
197
8744
7391
9591
7830
8181
2664
4038
4930
5441
969
2352
3462
2677
290
700
4887
3510
5691
901
5731
4426
6936
4864
8386
878
24
3376
9279
8158
8805
5828
6902
6196
5419
4732
729
4436
5123
2011
9877
6092
4363
3339
5121
1006
392
8
4516
2435
909
247
6862
4198
1463
1600
5076
1488
1328
4355
9646
134
184
2900
2682
1955
3984
3412
6391
9107
5423
2620
1551
6139
2312
6672
7145
2704
3033
8013
1491
294
4613
4705
844
6076
6306
2273
7564
3986
2980
3562
4120
9516
6462
6803
1472
6799
6567
4215
2258
8342
3188
3810
4481
5500
6834
7978
4556
6219
5992
6047
2866
605
753
3710
3033
3411
5983
6950
7397
8964
512
7870
8480
3327
1025
6304
126
3944
6872
8736
2286
6412
2546
3120
8264
5733
7450
2820
1952
3442
5219
4818
399
2324
4881
9785
2087
864
6735
5837
6180
3599
3707
1013
6926
1084
3669
3404
5028
6893
2141
3666
3305
1039
6786
7921
6772
4237
741
5077
4031
2313
6247
783
989
1128
568
3077
8345
3655
8914
877
7254
8973
1890
533
57
1912
3937
5085
5157
2430
5103
4815
9822
