2804
5659
6085
8443
6331
7278
9787
884
2274
1408
2703
1229
2452
4093
7194
590
1716
2025
3024
4196
8440
5417
3546
6148
9518
413
921
4569
8548
6362
726
7704
8374
3163
6147
4705
6793
5934
5589
9067
7342
4644
6649
6147
8737
3843
6737
6806
2220
9761
1002
660
5179
900
6808
1049
7665
7729
5618
6213
4092
2696
3917
2466
2211
65
3523
5357
2351
9113
4424
9694
3757
7425
5841
8847
1268
2578
5653
3488
8692
3007
4148
223
3907
7309
1272
1572
5038
3243
4137
5482
2291
4406
7948
855
4471
1472
6212
6823
6937
6988
2869
7046
4414
5062
5893
2034
3992
7898
5523
2684
905
6023
2907
1164
3332
532
2736
4723
127
3225
205
2418
7632
4506
3273
8455
2330
5837
1630
5619
2826
4499
2665
7240
5913
4911
9274
9906
2809
1149
8942
67
3525
8202
1231
3209
8734
320
4284
8861
3545
842
7631
1177
1700
905
9633
4030
3094
1263
6001
5920
2115
5018
9512
8028
9929
5139
4286
9091
2640
3229
9158
2517
7783
6741
2079
6517
7061
6363
1730
607
7205
9361
8136
8905
6618
4121
9287
9713
5385
1640
1985
3852
6659
7850
8232
6588
2989
2519
2031
1981
2100
1189
4499
9883
4283
2930
2752
1344
9293
4482
8303
2851
195
6440
8108
6814
561
3748
2879
2298
5388
4864
2502
2047
2714
735
4988
2055
9606
7019
389
8058
4561
4888
4293
8844
4170
7045
6540
3463
7879
4844
2666
8074
7636
7127
4888
4549
875
7767
3200
2615
8984
5702
1015
1698
2789
2355
106
8747
9374
495
6805
287
1735
1098
5483
5905
8143
2024
5720
6022
3220
4739
4097
856
1866
5337
1757
9093
3105
4957
1708
8441
7012
9075
6491
6153
1430
6597
4901
7157
3444
1706
7444
5179
2805
9280
7436
7300
1304
9509
9675
876
4248
124
8084
6114
1813
9841
1559
1270
1151
9619
9711
8163
8695
6203
4316
6477
2800
5569
3634
6245
7276
7431
7776
6433
6711
1565
85
4367
1074
9760
5243
5322
6236
3327
7788
8050
9520
9347
9320
671
8966
9032
5186
4013
5235
5855
491
4387
1424
4125
6984
8700
1556
1113
1485
4619
2678
1571
8986
3752
7683
581
5426
272
260
3214
4674
9781
8913
3994
6804
4231
9378
1991
8245
965
4198
8736
1705
5622
9213
8689
675
7122
6154
8512
1741
8832
83
7080
8936
4119
4013
714
743
4274
280
5417
407
9193
9411
3563
3425
5142
1906
8022
6107
6104
6758
4164
1727
2323
9206
8754
9445
5360
7266
7539
545
3702
4619
5833
4173
4984
6548
4916
5610
3180
333
2369
2374
6096
5933
2151
1238
7839
6525
3698
3944
3283
7862
2023
1958
7068
7129
1404
8781
747
8943
9326
4449
9914
5159
4974
4898
8059
9890
6861
1240
6575
9230
9966
2672
5163
2117
262
9355
8642
312
3299
8277
8175
1674
235
1595
5155
7991
6728
5902
3286
6054
6704
3200
7566
1678
4451
5625
7921
1312
6865
848
6894
6831
3520
2058
5300
135
1413
294
447
1064
4923
4974
9090
1511
2922
4245
9502
9650
6499
2789
2057
3203
2341
9623
1234
3144
5248
5507
4456
8466
6355
7703
1649
6228
9761
3302
6363
7526
3596
3162
4942
8520
8137
4032
6383
1059
4629
5885
7061
1128
5026
9118
684
7368
8741
1918
512
342
3777
1321
5160
132
9024
6809
6360
5137
111
9075
2663
60
2238
7605
8580
6727
7989
4963
4138
2618
7200
1199
98
2227
6670
782
5947
1763
9052
2811
2105
2829
484
7265
2962
9508
427
5674
997
538
1102
12
598
9692
7617
5530
6419
1958
6845
557
4576
398
8108
4675
8977
4778
1809
4924
6542
862
4087
4999
3691
4572
8617
3005
4080
9044
5032
5078
5934
6134
1442
2885
2178
9060
4767
8597
7370
7965
5506
8299
8363
3614
9326
7340
4745
1135
8616
7639
1997
2703
2638
2041
7275
7607
1398
7708
6651
2782
9138
8938
5268
580
1823
7446
5992
2942
6043
3363
907
1549
1662
5622
1516
988
9314
6261
8475
7930
3900
6825
6986
2890
5218
613
498
6616
8321
3501
9399
3811
2439
4667
4392
614
2114
6736
3557
4509
99
816
2411
8113
6439
3927
5453
5753
188
281
36
4088
7106
3374
6978
2324
3987
3828
5292
8661
7330
4691
2472
9769
5711
3216
6736
4177
9953
293
5038
6404
7461
7449
870
3900
1376
2675
6006
7916
2956
2394
2004
62
5768
5335
8738
6107
5515
4031
4768
2845
5074
3593
2615
785
6809
5703
1314
3114
5996
6353
9519
3457
3802
6741
3710
5179
9416
6068
3095
2373
8462
1452
8787
582
3139
7526
6689
8654
1557
1458
7852
6631
5051
467
3769
8212
6170
5083
1327
8518
1436
7198
8327
5239
3939
8389
6770
3355
4457
6217
2080
9271
4021
868
9853
3512
8394
6543
2167
6303
4353
19
9286
5756
6838
3055
3968
9360
8139
1647
4230
5927
8845
8909
7518
9136
7299
4288
2492
8108
6858
4572
7380
879
1792
3585
4392
186
128
2911
2841
4481
9282
2128
6589
2472
5183
558
1832
9674
8557
2414
5602
3755
1323
3120
2891
4974
3761
1735
9435
619
6308
6815
7850
8100
400
2242
4639
6881
1505
7480
7714
787
9608
4304
3259
1144
1214
1443
818
9771
209
2772
3526
7885
2245
6418
2859
2358
8153
2294
2977
813
5461
7179
5266
2214
5774
9905
9095
7279
3737
6809
4419
9698
7465
7678
842
8679
5474
8012
8451
5683
7137
8329
3568
9382
1099
2780
1740
9253
1426
1069
6418
6888
8248
1684
5454
4022
7941
901
7654
8031
4062
2073
7729
1528
9751
4923
207
1577
2935
5010
3613
6424
3340
3533
5806
4439
6313
3898
44
4092
1319
2815
7332
9568
4499
2786
9942
8793
3687
7596
6824
7749
9669
905
9277
5773
5828
5837
3702
5115
847
7315
1540
539
849
3698
1331
3514
7597
1375
7606
5268
4190
4938
4836
5042
4076
1131
187
7763
8727
7011
5513
4749
4268
1142
6874
96
6979
576
5211
4179
7892
3103
1070
5093
6802
2401
4959
751
129
2566
6019
4319
3856
7208
5713
7933
8339
5900
5696
3418
9263
7561
4519
3531
5056
1393
9979
8387
1970
1543
8918
6214
4646
9989
7659
7800
2390
2618
4903
2519
1536
923
3191
5393
4483
5256
9678
2822
7509
1726
2592
6772
5640
7112
6656
696
4857
2987
5435
6827
882
4354
9393
5529
4343
7052
9681
3085
6023
4585
5605
7559
1860
5148
9304
6343
404
8982
5517
4265
7061
8109
1038
2701
1573
4046
3397
6431
3385
5184
3258
4268
9538
9004
6149
3881
6056
5830
6967
2079
6767
8924
5991
8627
424
5295
1322
7180
630
6839
1446
7691
4949
8836
392
6522
9234
141
2953
2619
5325
2564
3239
4864
1568
9388
5097
3976
1571
8416
2408
4690
3692
8399
3318
468
46
992
7649
676
7832
5447
8367
2781
4283
8759
5655
9869
5252
4961
2488
578
3877
2080
1794
1797
1468
3243
5773
9391
1660
4533
4082
1704
9284
7400
2173
9331
8392
9822
6359
2576
5269
1079
1709
5904
6190
7365
5773
1443
8678
4613
8373
2555
6693
167
4352
8162
3410
6477
7553
1422
1011
7987
3127
6647
5387
5300
2330
132
1474
8690
9060
3095
9769
770
8999
5959
4487
1124
3754
3165
5737
2127
2072
8783
2294
6424
6945
2057
9253
850
9831
6616
8838
2958
3264
577
4610
1946
7061
6084
6988
6122
5531
6757
3244
882
9069
7731
2006
9175
7248
4096
1303
9320
2879
9949
2096
9824
8358
7701
7026
8190
4318
2216
1148
3934
9146
2111
5880
2559
4547
2869
5033
79
5978
8277
961
1399
2360
2968
575
5960
7064
8230
1632
9943
8179
80
6119
6538
7782
9497
1080
2100
8066
8580
2386
3564
691
8266
6123
5239
1135
7509
1670
3466
2138
2631
4865
851
1951
5440
6811
5367
3670
8444
5310
8202
8524
7781
1092
2658
3631
2172
1110
1697
7104
3496
1613
7796
1763
4088
9387
9250
1597
1057
2716
88
3688
7582
939
5640
9374
7750
1007
9397
2546
2670
3951
7423
6803
1395
81
434
9919
1192
8483
7023
1040
6448
4819
2803
537
558
2054
8486
1615
1122
8574
1656
5056
9513
3648
783
7264
1007
180
6162
3677
483
3585
6833
1878
19
3619
1797
7563
8455
8820
8603
4903
9992
7759
5440
550
6165
3927
8518
7287
2501
174
2344
2015
3822
3127
5631
1181
9659
8145
1211
142
8083
8044
8372
4454
1663
169
2017
118
5341
6972
5022
1685
4731
6814
8588
7248
741
7106
4536
9595
3632
3232
7962
3806
2711
9945
4987
2370
8090
6198
8864
6173
4242
7236
627
2258
3757
8996
8728
9098
2321
3750
784
3404
6917
9372
653
4010
2830
5189
3605
6462
8421
7919
6620
7484
7864
1607
9854
2307
7806
5070
8480
8400
8658
5460
658
2415
808
5739
7865
3129
9489
5001
6534
2758
725
7187
6769
3555
8728
6726
6369
3501
4646
2989
985
8862
949
7191
1169
8755
2261
6002
3507
7271
7814
518
9686
4974
6257
3903
8104
2098
8905
990
4857
9630
4529
7978
9538
3257
4704
5907
3110
5702
5249
4095
4565
6198
7638
2086
1305
6251
8088
4812
3522
2254
1682
9560
7229
7939
3463
1685
38
2368
2675
1247
8351
3556
9225
7889
3165
281
148
6275
2336
1749
6722
6901
7947
4360
5339
5604
6963
3428
6769
485
2034
8451
45
9263
6391
3508
948
2781
2229
9975
380
580
3531
5957
4821
3048
6238
1321
5675
8574
3071
2397
1827
7370
3109
7167
2975
72
6947
9744
6909
8981
8195
3306
4597
938
6815
1897
71
5396
1873
451
2328
1756
6408
7149
4805
8999
8470
480
3925
1541
9230
2105
8912
2339
5624
8239
8764
2571
7983
5673
7904
2530
5332
8853
3469
2147
751
9892
3895
2624
344
6223
732
3104
9724
5537
8455
8194
2370
2381
6088
1600
4486
1352
291
110
5943
9055
9033
3926
1081
3289
2808
6413
2143
2629
4912
2894
2522
5159
1870
2866
1382
2602
2322
1106
4492
778
5652
6862
9511
8092
8462
3997
5796
5105
459
1739
4161
5844
2017
1594
5485
4826
4359
3980
7455
5623
3226
6329
782
5096
9195
8516
4051
7870
5974
8543
8648
7978
1757
8159
6071
219
8508
1867
5324
5319
9959
5837
7515
1976
3783
3000
3154
4494
6981
610
117
207
6939
899
1656
2487
9415
5707
6709
1741
602
5357
9720
2359
9868
5791
8930
4728
4010
606
47
3969
6444
7562
2298
6579
6914
5452
1074
247
2414
1191
455
5706
8443
8463
8193
4210
4170
1254
5952
4772
2963
5672
3483
2831
7815
2413
7559
1825
3019
3958
2147
5815
7872
4445
2395
1138
6249
3469
1386
8664
1012
1841
4370
5807
304
8915
18
826
169
5970
1950
3132
7994
5433
5963
5809
7846
9874
3986
7217
184
2485
3033
8056
3282
5428
9194
9532
5249
580
8196
2613
8773
2566
8421
5429
1481
8439
2607
8002
761
4557
1134
8755
6342
3449
916
540
9675
1254
7758
9859
3740
791
4267
7022
2571
9813
2906
4172
6746
7454
6785
5519
20
1558
7301
7853
9997
9908
2207
7110
818
3341
5865
3512
3142
3133
4053
2817
4388
1811
9028
4480
8954
3295
7854
7877
3109
761
2049
9855
8215
5186
1726
4588
6745
5379
8793
3094
1640
1001
205
2458
694
2422
5970
189
5556
6375
9358
6296
4538
8387
776
3492
8034
4982
7721
1143
5743
6122
7350
311
1309
5429
1251
4406
808
44
7500
2448
7397
7705
1258
4444
128
7229
4633
2036
3604
3991
4684
4495
2378
1812
7987
413
6794
2061
7908
2538
8183
1611
9201
9492
7040
452
3898
4200
496
7751
6649
4246
5456
7907
8690
1936
1488
3323
324
1445
3666
5008
5940
6045
6820
279
2810
3615
2340
7070
2505
524
8681
1706
6368
2073
2158
6619
6274
9006
4370
9275
3252
6178
7182
8294
8115
5023
1617
4791
6468
1636
9800
8760
4033
2972
9039
6843
2939
7732
265
1796
4608
5299
9854
976
3724
8364
7595
9998
3723
8317
5625
6975
4496
2808
1622
8963
4183
9591
3754
651
1227
9906
5763
5260
9231
4802
8455
2170
8886
8721
319
3494
4020
173
4471
4096
4890
8418
4095
8613
3088
9720
1940
7584
8880
3562
6547
3063
3154
301
66
4381
6560
5829
9642
5791
6984
8097
4313
5870
3170
4632
9365
3542
1158
188
7639
6048
4958
8086
4661
8046
4158
6601
5630
3039
164
8529
2454
9670
5183
8873
4051
1743
1054
45
7534
8038
4495
1847
261
7665
2832
5978
7560
3990
6166
5199
38
1124
9637
1051
5523
3795
7652
7505
3186
4168
6035
1993
3838
7570
866
4242
5665
8272
639
9551
2663
5134
7750
2924
9152
582
8902
3064
4572
1420
4615
962
8896
4252
2013
4419
8047
6018
1925
7586
186
4312
9579
377
1882
6797
971
7547
1421
1610
7098
4084
3097
1200
3360
2249
1783
2262
5313
2707
34
6280
22
8931
532
8387
3350
4931
4405
5275
2517
944
9587
8448
1321
7821
1597
8644
1720
3019
254
5170
3455
3351
6371
6816
1952
4506
5430
3617
7213
5465
9897
3587
4396
6781
1975
7746
1713
6380
9374
582
7324
5313
5383
4997
3135
6980
9993
4855
6351
248
6378
6159
9951
2749
2975
8256
7255
8405
1873
820
222
8123
4408
4618
4904
6383
8717
6617
9115
8091
3552
6440
9756
8935
7789
2891
2267
7783
4099
8619
4383
477
1130
4334
3226
4105
2590
6833
8862
816
7653
9085
8939
2061
55
195
4796
5124
3165
3912
3215
6717
6704
9324
5652
845
2215
7919
8628
2666
2890
9363
3143
4020
50
2721
4477
8992
9554
3340
9808
3560
8777
5099
1973
5184
1647
6770
309
4812
7034
9876
1529
3738
9200
3533
4583
7768
7804
9564
434
695
5279
9930
1067
5329
2651
5545
4322
8558
5237
482
8470
366
1934
443
5550
3581
3565
2211
8393
599
2088
6274
689
7640
9807
5273
5408
7611
1189
5843
4658
6468
5773
5726
1798
4776
7623
2472
3334
2860
9306
8156
3226
1240
8600
5128
4821
8517
7340
9566
5469
9428
5840
6158
3420
1999
7783
8829
5963
5324
4672
621
1793
6797
2699
9943
1573
322
8767
1260
3182
8073
5768
2760
9314
4368
7889
487
9238
5229
54
4707
1009
2246
7217
4429
4246
1353
3258
209
6677
4282
830
4822
7431
3530
4765
5357
204
3532
2969
3387
1606
8737
6147
7272
9458
388
7759
8696
5617
7813
9755
2978
60
3324
7408
658
4677
7018
867
1355
7653
8049
6177
1436
7931
7295
6793
8136
7179
6114
7875
5137
4852
374
2409
662
763
169
9358
2732
4334
5465
2063
746
8789
5823
1404
9819
2841
8623
7526
6846
3025
55
8283
7308
7350
1428
5444
882
7543
9671
6019
8747
46
8429
9409
7161
8598
5119
9893
9284
584
1956
31
5725
7779
1435
5544
6973
6411
3070
171
9436
9478
4806
6744
6828
6235
8541
7710
130
8212
3730
8877
4610
8511
4638
1771
3461
9757
8017
2745
6693
6325
2776
2418
457
564
4315
3782
6975
3737
3953
6411
3215
8760
3155
6396
1347
8048
458
7829
6261
4188
6706
871
9051
7696
8995
2512
7453
7012
5258
498
9689
8034
2916
146
8598
3583
3928
1925
3673
4234
8336
6888
9346
7844
3284
693
5892
3743
8522
8505
4283
1580
5729
3335
9276
4724
5847
3081
8088
7457
3579
7777
5492
2847
4276
442
2783
8204
2368
6456
8790
7056
3344
8136
4900
2981
8829
7145
3076
3703
5650
3711
5283
7731
3398
911
2455
5598
344
6895
3055
275
4673
8547
3123
8949
5342
2258
3505
7710
8714
8648
1118
8410
6784
6019
1391
5614
9516
819
5669
1518
4531
7305
9250
4281
8216
1705
9879
4913
8601
2935
5188
9626
7834
4663
4927
3176
6921
4784
7238
1987
3432
8357
398
217
728
8141
2183
244
5313
7852
1762
6196
1509
7364
477
6078
5422
357
991
4023
3292
2531
1
7478
3547
1280
655
6820
6064
4245
8808
5849
8954
5558
2418
9682
3699
4601
6278
9012
8805
4393
5208
315
1757
2038
2745
7179
2395
3736
7554
2039
2619
3907
9517
6166
5187
6524
2987
7604
770
1795
9805
6076
7353
2223
2111
7404
3176
8389
2769
8333
9134
4329
5000
7244
6367
7745
775
8762
7833
4682
7153
453
4941
6671
6619
6481
3195
9606
437
317
7753
242
6394
1458
2465
8505
8863
1993
3246
7984
326
8733
2313
5327
2329
8681
3072
3104
3795
906
4138
949
7711
9080
3972
4330
5561
3519
289
2350
3837
4394
2592
6583
5853
1409
1440
1068
3402
1038
9052
3728
6123
1365
5407
8452
6398
8480
7909
194
5738
2047
7495
9801
7479
1467
4131
9392
4986
772
1742
5175
5167
4334
8110
1020
5743
5902
8440
5497
3293
7492
9226
9416
5209
985
7869
1608
5817
5778
8154
7907
4177
5649
7708
1657
3468
1840
1049
8454
2612
9144
9982
7779
3478
4444
5151
5574
347
3591
1071
3640
7435
6649
3056
8997
3987
7277
605
9804
9407
5111
7712
3585
7112
5420
1594
580
7260
8995
5386
6225
8139
5368
356
7970
6165
1860
9896
6512
1803
7319
6504
9239
321
5912
8236
4308
3190
5193
4112
8949
304
1824
2534
7416
7245
480
4348
857
9476
9734
7082
3967
1455
3791
1937
7620
5651
1833
484
7454
9153
6988
3045
5826
9252
7633
134
2442
9178
4246
7744
5834
6071
278
9602
9668
7111
3950
525
6587
3685
3960
554
1492
4103
8844
9112
6106
677
9596
9912
6182
2936
2958
2008
2188
6943
2142
983
6122
2741
8727
1956
5164
5357
1559
4832
2468
1861
1709
9055
5546
2021
5962
7038
6124
4806
2502
8582
1835
8450
8495
8018
1386
7805
6378
3575
4748
4873
910
7222
7614
9637
5531
2778
4994
3442
3962
7463
5303
2023
2870
7202
4045
8832
592
6521
9990
3095
5104
1826
7897
9951
6196
9284
7756
2574
9211
8856
3799
121
6079
7765
9758
1610
6895
1104
1404
857
4919
6707
9233
7790
261
9630
2974
854
6151
2965
301
7607
1143
8198
3910
7339
7482
1666
6265
3045
523
65
3166
6602
7830
9276
4564
1078
6733
5968
1935
1652
9027
7520
5794
9289
7150
5121
143
9654
4438
6796
3613
5581
4994
7524
9272
8829
9190
5537
8226
9713
1954
7745
2667
6137
7021
3583
7215
106
5903
5502
8111
4931
3023
3905
4220
173
9026
715
6179
3464
3863
9793
5397
8857
7317
4669
4038
6507
6559
2265
2573
4865
10
1592
7354
3383
5176
4569
3490
1079
6424
1601
6010
5799
1858
6582
2324
7237
3649
8504
7053
7512
8297
2451
2722
1966
3472
3112
8473
6383
5377
7398
1249
1739
8991
8603
1475
519
9525
1317
1598
2301
2918
3961
8100
1128
6895
6776
8365
6897
5280
1771
761
9929
574
9835
1895
4046
2948
6721
6782
4677
471
4383
6417
9462
9338
7892
6333
5215
9209
4284
7516
8479
8245
1968
5959
1492
8745
677
4741
377
2448
5503
6659
3022
5338
8554
3420
8286
1627
6554
9316
2099
937
5733
7913
276
9977
4247
5491
5538
8531
9360
369
3128
7680
6328
972
2777
3357
5714
3155
5805
1217
9814
5179
2907
4720
4952
7546
6348
1506
6862
4799
2444
8947
2712
9072
8924
6959
4563
814
1842
275
1183
4970
7956
3863
2295
733
7221
8009
240
9378
5578
6406
4558
8485
1127
5862
6031
3827
7368
2893
4978
6164
1840
7690
5236
7116
1002
6152
4282
9196
2779
1817
519
735
5681
2814
1469
9254
823
8061
8632
6401
4468
9542
1238
1947
1756
7270
2126
9125
6515
7104
1641
4708
1146
3230
8176
2148
5734
2459
1345
8513
4276
1864
9249
6309
1030
7070
5563
1853
5131
548
4606
9599
6442
5844
7898
8199
9466
24
3676
2334
7128
5317
3394
8275
8547
1570
6775
4281
381
4472
9147
1010
2688
8396
7319
3718
1818
9235
1923
6949
9783
6529
2901
6225
8726
799
776
4544
7176
4452
3230
656
9770
6624
5283
4669
8195
2059
5303
4928
2883
4450
5938
5572
2846
9610
5642
4664
8845
7566
7965
4980
447
7218
7557
5525
4370
8334
6422
1546
2786
9652
2202
8908
6277
7486
3578
824
5897
5233
5752
8780
9683
8043
704
8881
7653
6347
9897
2850
265
7862
7830
7064
1433
5387
2590
5803
73
9012
7349
2860
8664
5903
8120
1293
9741
1698
2117
5638
6931
7870
771
2966
2265
7827
1847
9918
526
8096
2768
791
2311
6950
4208
3744
8689
6798
9547
8763
2162
3248
7975
7178
9151
6095
8472
8893
4146
589
883
1077
4811
1654
396
7076
5834
8595
3346
6360
6692
6114
3504
9003
9416
7712
2747
8106
4510
8646
6869
3024
1894
4844
202
1045
939
5026
6290
5085
1968
7174
2515
6779
5180
2911
208
1014
7858
3554
3727
4550
6021
7231
3553
5437
4943
2652
3543
5805
1298
412
5181
9544
5256
1735
6942
2548
6762
3232
7633
8730
6758
6500
1861
8291
5763
8421
5657
3622
1976
9384
8172
4349
2967
8078
9786
4262
7082
3330
67
8381
94
1600
4277
1703
3336
1219
603
6450
804
4588
1532
7562
1089
9745
2205
6852
8167
7863
6826
143
3599
4999
844
6567
9429
630
829
6511
312
7249
1244
6759
8849
5522
8462
8537
6741
9065
4987
7545
3653
2871
1460
1094
2617
3665
4299
784
7880
1125
7279
1480
2476
8123
8047
1905
5105
5228
8417
5418
2477
9661
8529
7679
5183
6991
2568
8277
2408
3908
2174
2413
6779
9986
9860
9396
4
4159
6532
7884
5284
3811
9364
7761
8286
3763
9666
3392
8992
4435
5162
7821
449
3691
1852
1984
7034
4421
261
9442
8329
8788
8207
5108
8774
8067
857
8778
2226
7389
3015
3863
1201
8731
7976
5839
8847
3994
9231
4191
8430
4393
2012
8879
4436
217
863
1470
4638
7477
912
2967
6265
5472
4427
1391
3539
5284
6522
2118
2674
9537
2333
227
4620
309
2418
3467
4303
1650
7658
9085
2395
6023
7964
6832
6240
5180
8302
7230
9009
5567
6549
5274
1039
976
3017
930
2613
9539
9400
1639
5428
1733
1866
49
2042
4284
9868
6346
2286
7527
1783
1034
9902
9748
7866
2494
1280
2520
9724
289
4439
6273
1915
1830
7249
4932
9113
9862
824
8513
1501
6252
247
9719
6301
8641
356
6170
1339
8994
49
3123
28
9951
9223
4246
8797
503
3119
8521
7144
7558
4794
9059
9389
8395
343
8502
4610
1167
3367
2463
7420
3614
8535
73
8608
8891
2595
9947
4237
2644
3070
4266
8947
2293
4864
7744
2796
7983
2617
9940
1894
7411
5351
1283
2159
5695
6137
6769
6862
9504
5584
634
9471
4119
708
8079
9362
3303
8026
3600
2300
7449
4218
7599
9742
9082
5344
8891
3418
7961
5183
5312
1725
535
2947
236
2582
5436
3357
9444
1292
8941
79
7115
3061
7139
5194
2423
442
9573
2375
2742
7022
6593
342
3116
2028
2038
2007
5446
6351
7191
7110
4428
4078
6409
4664
6660
1845
8021
2456
9489
6963
2535
6605
6376
9674
8151
8799
6469
7724
1175
5563
1098
4120
5905
567
6148
4295
2574
7946
6999
6117
1408
1427
6547
7817
6092
3207
6014
465
5664
5504
3780
4551
2109
156
578
6612
8956
7047
4337
6483
2610
1787
603
4868
2354
3104
9163
1281
1050
6162
3750
2459
3942
298
6628
6386
3505
2643
6851
5521
4499
632
73
2960
788
651
9572
6096
4050
261
8931
6660
8401
9535
1528
755
8991
7044
8388
41
9558
2139
8852
3500
8789
5481
9886
8646
4476
3090
4168
5327
3722
593
8287
862
7596
4211
3311
1646
4473
2242
4658
2874
8129
2539
9981
3472
9583
4722
3514
5493
6861
8718
8994
5650
551
5232
648
1379
8322
4816
6706
8396
1761
4993
5611
9357
5557
5274
7355
30
3868
8366
9256
1998
905
5589
1822
6840
311
5336
2333
3524
407
7679
5526
958
9264
6175
2338
3938
991
5396
2335
9105
6742
4298
4814
2299
9572
2170
8681
3440
536
7937
1790
7793
9878
3613
4633
190
5301
3318
3714
5708
7350
9241
3019
6614
1768
1709
6904
9111
7105
9239
8216
3847
9889
3031
6146
9461
1553
1179
2902
8441
9116
1044
6234
5347
4657
7219
5537
6311
6889
5603
2019
591
1196
1390
3557
2964
3099
462
2076
6557
6053
292
404
5943
3323
2903
5404
4876
4082
4658
9669
9551
2055
5903
1250
6712
9474
6787
9375
6364
2390
1395
6955
3587
9137
513
6551
2237
975
4979
5146
3380
5272
5550
9323
4947
4805
1080
6176
5240
2090
5845
1143
4145
8101
2393
7210
7575
5532
6585
3939
7922
4332
7247
7861
3470
4112
765
2059
1439
5744
7205
4819
7368
9107
4143
2316
265
1575
8492
5505
3665
689
3000
7811
8790
5393
1373
6366
925
7958
6657
5199
2291
256
9413
2113
4368
178
4172
2159
2274
7729
6979
9643
6836
7474
1959
7101
9049
6803
8958
9066
3844
1958
3229
2635
3703
4602
5353
980
2561
8362
2532
1204
8619
1945
3317
9339
8475
7489
1499
749
5218
8478
392
8406
2304
8703
1860
7705
1858
818
6771
5703
9129
1
4690
9184
4603
43
165
3516
8405
2697
4720
7024
994
8037
6364
9469
1878
4215
218
7096
2693
6963
1855
4997
5666
3715
9054
7525
885
5825
9580
14
2178
4270
5551
6782
4313
5716
6650
9070
4765
1371
2447
2111
9408
5163
1580
1287
9378
8150
4735
2071
5113
2942
3420
780
6657
8826
4657
7543
4651
589
3909
6830
4859
9460
9964
5524
1528
6614
4594
6293
4337
7041
8404
98
8556
6336
7737
7934
4487
8824
6357
9600
1767
6129
6732
8424
4955
7741
2319
5959
8330
6229
2789
3189
2041
9105
5065
3570
2071
9660
6215
6409
3053
972
2859
1610
3660
596
5896
8147
9420
2254
4100
1187
4735
7184
9612
9691
4926
8283
5650
3256
864
4791
2798
2906
3896
4215
2828
5967
227
5395
8728
3281
2719
1587
1243
6380
2183
3491
4527
7956
5745
4979
9143
6833
2164
5107
6524
7090
3391
8526
6698
4255
3317
5848
3513
3565
64
6341
9532
291
1737
4613
9924
808
2552
7519
7188
4736
1011
8068
9044
3108
3047
8187
9941
1563
3295
2817
5005
3038
1343
1704
3645
4660
3904
7159
8225
320
3500
4110
6964
1589
5075
3240
2398
7627
760
5938
8715
8123
4006
7759
7583
3406
5947
7525
4969
5594
6694
9975
8632
8038
8031
8629
9050
1935
5788
3628
8608
5641
7738
5572
3582
9165
8812
5980
6792
5924
8271
5508
399
2277
3267
7983
2035
5566
1860
7005
7512
8554
3332
2496
2944
1363
1126
1995
9650
6914
1975
8258
2555
9713
182
6138
5230
5347
8470
2022
7623
3093
3882
8023
5371
3502
2358
3758
9068
4218
763
2933
9124
447
5429
2069
1810
6555
416
7813
9822
2391
6071
2377
8456
2606
4867
3686
4305
9690
2060
1928
2783
5943
6303
4506
5797
8661
8265
1217
9231
5380
4150
8356
5828
9580
6777
3990
2487
3545
1803
2309
2288
4227
1039
744
6833
2258
782
1138
8300
9194
9418
1084
1489
5722
1942
7286
4383
6559
8504
3615
8292
2654
8323
472
8586
5100
4462
1074
4997
6266
9735
7285
6845
774
4381
3678
9385
1515
1168
7685
709
586
5121
2199
6308
7064
9485
7044
9975
7989
7011
8267
6996
5334
8739
5582
6786
9554
6656
1783
2172
6392
5420
9017
3518
9801
9047
2903
1316
6567
6941
8377
3505
2062
576
6166
5478
6414
3210
5454
755
221
73
7751
1907
5165
3334
8693
4719
6342
6828
3243
9086
2248
2260
8957
2049
7659
1860
9717
4226
5153
8094
4083
7216
5023
249
2694
1437
3459
4500
2192
32
4574
6296
1939
6091
9630
6984
7162
2324
3812
405
1411
6060
9017
368
4461
6676
8580
530
7254
3734
4977
1337
7302
0
1587
9996
7789
1398
849
6333
7783
1775
2629
6074
7866
8611
3059
5028
936
6871
5433
8699
9284
4450
5419
3745
7478
3999
4276
4732
4085
9253
2421
1387
5605
360
7736
9746
8111
8585
6079
5894
360
5061
8320
8226
3672
1379
9606
960
4603
5039
9659
3887
5841
5078
3984
3319
5430
8260
4403
9515
3865
6824
7255
5822
7185
4991
5568
5296
9928
8000
7542
6640
3061
5862
1218
3085
7242
824
4046
8197
2215
57
2084
8056
1488
2420
1375
6918
7033
5778
2785
898
8954
40
3073
6139
1383
4993
7787
1311
2993
5329
4303
2406
1192
5521
5492
4786
6345
5890
9335
8560
5947
1419
2968
7435
191
695
705
7224
2825
3491
4475
1780
9883
7548
4271
1267
2541
2059
8930
1887
7388
3234
4293
4932
8755
9785
9718
1453
5675
9053
6365
7975
6824
9334
1762
3368
29
2468
592
2855
5959
5067
987
5842
8967
5258
3461
1509
7317
2392
3396
1058
1978
4041
5990
733
3827
2061
8538
5854
7466
4904
3829
643
4238
1944
4011
619
4412
4603
3474
371
6023
4461
2565
4990
9720
6027
2851
3389
4771
2599
4447
6749
6641
438
3834
6820
8851
8725
2674
6317
3629
2856
6960
4219
4800
7323
4838
9212
1927
8313
5935
7950
9126
4852
9292
5198
7231
2144
8588
8354
4743
9387
1455
1384
6177
1642
4556
5028
367
7231
7698
3996
6439
4658
8215
1239
1982
3053
6803
261
7718
9090
4563
3197
3942
207
8395
7526
2351
3335
5880
3447
9075
7336
1183
5252
8978
5740
6633
9345
2971
4331
9693
5762
5341
7908
7001
7323
7313
156
3936
5032
9246
4851
8229
9540
5059
2976
7066
3762
2664
9299
7209
1739
2987
8393
3343
1965
485
9976
7662
3456
4307
7355
9218
9649
1615
2571
3324
5280
2727
3613
6664
8325
8464
1245
7865
9875
4222
1284
3638
3238
6935
847
4977
9922
5592
8320
1887
6077
8297
5901
5885
8956
9608
1455
8605
7575
378
1930
2855
9457
5543
9520
7782
359
765
2000
235
1339
9636
3873
4577
6571
1072
5906
6493
6665
579
4732
9094
8876
633
4980
4184
6593
2787
2790
4168
3166
1072
3375
2623
6615
2895
6758
3326
13
5110
3561
7704
4746
7434
2282
1317
4859
4540
4162
1524
5119
8894
6970
347
5879
8302
4532
2472
1090
7322
2992
608
8394
6367
9583
1361
5615
6341
4687
1980
1451
4601
9684
2549
8387
8318
3866
3246
9211
8028
1122
4330
3274
8093
4678
9153
6395
9210
7977
3837
2884
7321
4445
7630
41
4029
5343
2008
6722
30
3988
4526
983
24
7075
9371
4695
942
2617
3906
5322
3740
8236
4949
1833
9266
454
4580
4828
4784
8418
7712
2105
2863
1694
2146
3244
7037
506
6319
3420
4494
845
4403
871
7920
3774
5566
5214
6392
5824
6889
6484
4060
1838
8317
9679
2292
9249
4507
7076
7667
8572
5534
6883
266
4032
6479
3656
4539
2798
7076
5385
3643
7831
6256
1564
1606
8174
6778
4350
3998
19
834
4411
1857
5503
4090
502
4752
4949
3930
2420
3521
9464
5655
140
9849
2134
3796
4388
4933
7224
6125
8576
5055
2382
6492
6661
6908
9623
7363
7259
9642
8197
8022
1500
52
2112
8354
4805
3413
2284
3577
6935
8101
5584
3427
7950
7718
7223
2338
2651
4447
8463
7580
9502
7197
4072
2516
458
47
9879
7717
9690
4429
5739
1190
833
4203
9544
1990
3968
8180
1919
903
6281
7503
682
4231
5222
7905
2921
4225
8704
7737
8157
8207
1286
8582
7075
1744
8629
3306
5813
8319
4087
7904
5861
4921
2107
1757
6911
2428
9938
5183
9683
2571
2686
366
6803
7908
8271
6076
8486
6976
3813
6643
1535
5100
5225
4962
3196
207
8268
9010
8526
2356
6914
740
3629
5374
8849
6892
7802
5139
2075
7485
7711
4762
7851
866
9022
2475
6942
7508
5803
7108
504
7338
8560
2081
2300
8108
2288
6920
7118
7167
5628
385
7907
5609
5759
6756
2502
9913
1896
929
7398
5959
2043
1602
6825
1066
4077
119
4926
9880
3579
1782
3570
2139
3864
2222
248
6152
9142
3718
9671
1123
4103
3930
6732
6214
7039
5586
6127
5287
6516
9878
1246
4911
1480
4423
2329
5557
4542
3608
1789
8122
5390
5359
6613
9254
3933
3213
1759
9427
3284
7782
550
3739
1713
3635
9954
8752
9221
6081
4039
2089
5959
5285
7001
3791
9708
5682
5700
602
9290
7489
5076
4681
9200
8042
287
3133
7607
8398
8913
891
6181
9463
4631
7894
3098
937
2998
8672
7018
7037
761
9330
8674
4114
9473
4734
9797
5174
5336
9087
9015
6765
120
8216
4807
6760
7701
2414
5158
2966
9658
7691
2430
641
1937
1880
1578
4935
552
4948
8324
7666
630
6998
1780
104
1732
7929
5278
3421
7017
645
186
3489
8861
1345
249
2915
111
1760
5881
9769
9451
4663
410
1389
6544
1988
2676
3448
6937
1001
1114
7567
4351
2895
4023
6084
7176
5653
5857
4193
6299
2395
4035
1512
3740
4284
4427
3851
6044
6661
9973
1848
7676
6735
3237
572
5076
2265
4021
2013
3266
1487
5932
7618
734
6308
54
7911
1961
5911
8456
8260
4658
2491
9773
8398
6776
4200
8601
9172
7213
4926
7372
4890
1662
6961
1814
6738
9227
5835
5103
2493
7323
7387
6463
4409
3695
6517
2320
5657
8780
777
3917
3438
3268
3690
8188
6396
4243
3142
1921
7808
8068
9293
9050
6082
6255
865
9172
5482
3052
627
4327
6727
8015
791
1137
8062
7308
3457
3719
2441
4234
3989
5879
3855
4031
420
251
4626
3562
8524
2435
7982
7818
1485
417
4073
8702
9589
5907
1755
6569
234
4834
4584
1025
5971
8998
4686
5781
2718
3479
15
3059
5710
222
7090
6130
474
1717
6044
8998
504
379
3168
8341
796
3593
7044
6737
9500
5151
9658
9735
9985
594
7112
2309
9593
8150
8090
8663
7981
4457
1722
3692
4680
5164
6174
1506
3233
2219
6856
3737
8950
25
2079
6098
3618
5475
9187
3119
6978
8846
9206
3315
9440
2670
5624
9033
7173
66
7696
5154
4524
5770
5198
9204
935
1373
7062
4168
9944
3918
4258
5246
3943
2689
1344
3914
4516
6883
3385
1494
5729
2591
1161
1522
1613
3138
555
5138
3204
4604
6645
7728
6726
1843
3284
7661
3216
346
8182
9512
4265
2440
4758
4560
1481
2454
8474
5997
9338
1859
3843
5067
802
5004
6589
8768
8142
3497
3906
7699
4453
551
5427
1179
2395
8712
5193
1963
5410
9727
7828
9675
8519
2586
4236
0
5041
9062
2349
4379
922
6192
5798
1724
7548
8740
6844
2043
2237
751
9742
3042
7654
1521
573
6401
233
5766
8365
1996
5493
6193
1671
4012
5131
2259
364
6524
1322
2713
903
8596
8905
6702
320
6454
5442
3517
4849
4031
4268
4591
3425
1922
6112
3998
8324
2698
9765
3041
4694
1610
5586
2717
1975
7069
4977
2339
3594
2651
5053
849
1247
3958
7551
7919
6764
9345
1436
1613
9728
5704
2556
3153
3979
8669
3504
8655
7719
9621
8048
2413
1231
9986
1482
9558
7055
6459
1898
649
9110
6951
1499
357
7261
5402
4629
378
1100
6065
8343
7180
8122
900
6686
2101
5921
190
7108
9992
6163
1508
8757
7394
1494
239
3305
4901
3051
5203
1903
8513
8506
9754
5223
2119
1508
9852
2497
2608
5917
7193
6141
4039
4445
9179
2492
6718
9369
5952
6710
5532
7460
5467
9278
5306
2058
2583
208
5109
4138
8463
3623
2644
8217
5198
1116
9725
5050
3613
8686
967
7158
1179
1359
1603
358
3851
8321
9727
9804
1383
1611
3616
6850
7241
5275
5261
6177
1835
370
6667
298
345
5664
8515
5543
6780
4592
6945
6745
3278
7913
3904
809
9272
5507
1167
9475
181
7246
5631
1564
5209
9248
4767
2451
4523
28
4980
6358
6750
1647
6656
3448
7311
1523
5343
4091
6115
2289
7189
5746
6554
1093
2907
2178
2952
4075
1653
9485
1321
7285
1050
6531
6533
2169
5334
7408
8549
314
118
1651
8313
3126
5099
5625
4649
6795
6068
7116
5436
3257
9214
1990
702
2122
4168
7
6197
5821
9492
3870
9458
6894
6753
5991
9063
2087
9751
7612
8753
9869
9264
3419
9347
715
5396
3996
7510
7816
7465
2946
1074
3031
1288
8128
5153
5456
8135
7702
7630
7628
7925
7088
4522
4678
9432
9938
3118
5535
3902
8223
5405
3166
1642
1104
234
7038
5101
4096
1207
8918
3395
2281
1949
4683
6761
3455
6492
1249
1157
4122
8877
9082
7562
9751
113
6994
6041
3231
2530
9944
7806
4287
9462
9449
5391
6048
2839
6844
145
4046
2114
9892
2679
4064
4575
5793
7519
7419
7042
5028
7893
2271
463
5456
8374
576
8802
4416
159
7684
712
7965
8323
174
3766
67
6223
2958
6911
2720
3356
9026
2612
6036
9442
3539
8181
6961
959
5223
8341
5204
7494
8804
660
5868
9380
5815
6636
9539
3499
7348
3857
8175
3875
7623
8242
98
581
5153
9170
290
531
1782
6326
9973
5321
859
3286
2632
6082
7980
7837
9928
6784
4849
2148
6165
664
5137
2056
516
2485
2265
8691
6360
9889
3285
2810
6822
8438
8332
7112
5322
114
9790
1647
1788
7001
1286
4420
3083
9266
8609
9363
6050
3459
1512
8567
475
3001
6976
7343
5486
5593
2386
8199
5482
5671
7361
8657
462
5694
2121
2136
2160
8264
3783
3948
5265
1421
4721
4701
687
9682
4064
3090
9493
1928
8009
6321
4929
1337
3664
6768
6931
2403
4967
8765
8074
8680
7422
4888
726
5896
7024
2887
4160
7160
3187
5777
8581
4260
478
5621
3943
4543
8711
3436
2823
3072
9757
7753
4410
9774
4521
7693
2177
5840
6458
6603
872
233
1492
1599
6129
8516
4486
6641
5676
4025
2418
4258
8286
2897
6231
8581
3792
1294
2017
6615
4366
8127
720
5128
7901
1593
2821
6430
7433
5632
3033
8306
5865
4525
6257
8346
3042
7095
4987
5070
1120
3757
5680
5758
3006
1911
4339
6798
3205
6357
9766
3924
836
486
5404
5089
2080
4578
1519
5865
210
4552
523
6075
9078
6780
4421
8472
3875
5760
3542
1348
9517
9223
7106
8876
7486
7798
5674
692
507
1792
968
1343
2279
6372
6432
711
950
7951
6576
1160
2503
3452
3587
7933
232
4360
6405
460
120
9948
8160
5990
5523
1618
4866
3009
9416
6892
53
9923
8685
7373
1266
7316
3746
4050
8027
1048
2001
955
8561
857
759
2148
8790
992
2861
1548
7804
2981
7848
2316
5323
3371
3934
6541
2732
3351
9786
9138
9626
4823
6511
7245
2139
257
1295
6518
7658
3297
3825
6219
506
4585
4719
9296
1929
7580
844
6085
6914
5044
8401
2237
8415
2335
5131
7500
2038
1269
6638
8017
6092
3149
5262
8231
9759
6557
1101
7417
6206
4926
9988
3064
9511
4707
2361
1440
2288
9557
7525
9202
4602
2278
7791
9369
966
9274
6869
9356
543
9859
7373
6635
3009
8987
1218
2768
1897
2319
6537
8103
7246
6525
1168
3109
7584
9881
4550
9872
5790
8427
5426
6744
706
9570
6114
8024
5196
9335
7380
5740
9195
4754
8727
8556
3741
6298
7676
5638
8617
4213
94
2215
7090
7614
5325
4674
3847
6227
899
9637
1006
2677
2734
1712
2247
5200
6088
3796
4535
3469
9536
82
4575
4615
8638
8316
913
6314
307
9531
6879
6753
8098
3969
719
3423
4996
4566
6002
2247
555
7009
4924
3289
5073
3524
8489
1162
7320
9377
4631
3208
5811
9206
7823
4450
3874
5089
7116
533
972
3996
3638
9070
4317
4357
8846
5665
5275
4848
7912
5831
1857
2837
5472
6931
2713
314
8093
33
6043
9076
9593
1854
8282
7416
2656
8508
8857
6125
9042
9829
6473
2680
8900
7142
3390
7746
2808
8665
2594
720
848
804
9909
2673
7735
2622
2987
2180
9007
5382
1256
8600
7236
5890
2369
6245
4398
1226
8722
3440
1056
5195
2473
6308
2337
5863
4054
5145
880
3000
2218
1729
156
2127
4402
7891
4750
3741
71
3757
9123
7679
8710
2711
3569
1079
5308
7968
2305
4030
7760
3361
9225
233
6021
1563
2448
75
3060
9681
9428
5278
1410
9584
3758
2164
3828
8508
2257
251
8617
1380
7931
3679
443
7852
4758
5752
2172
7064
9782
9933
6777
5360
6518
2799
3275
5319
9226
2687
5000
5006
7966
2762
943
1724
4926
4771
6584
3535
1374
1553
1267
5657
5233
1710
3510
6343
3814
5682
3407
9949
1967
6537
5309
8486
5688
4936
3805
1266
7623
5157
6273
5589
7919
3568
3665
2845
4691
6601
2732
6065
8155
3999
1723
9740
5709
1585
6083
9524
7267
5843
5825
9235
8732
1134
4073
4420
2422
4230
2038
45
9387
4663
1987
7306
8231
2004
6503
2922
8606
9235
8988
3113
3234
7063
9205
5295
8648
5288
1171
2267
7483
6996
7854
6215
4482
1927
6987
6904
2509
9026
6950
8248
3689
5289
5554
8273
7293
8409
1195
2251
3996
6535
5364
3582
3598
4569
8878
8598
6210
49
866
3693
3398
8720
6261
7880
7000
3248
4785
5861
8626
8087
4110
8668
3376
6016
6941
7021
778
8136
9273
4774
1024
4637
4709
974
5559
3587
9573
1769
9988
6791
1814
9738
1863
4427
7619
5215
4028
8756
1077
2654
6843
5187
1322
6571
7555
4615
3592
8333
2752
2865
9460
3776
3855
4169
4750
9414
4108
675
7535
4096
7466
5701
187
9330
6481
7806
4545
509
6562
1974
9515
9757
7161
7190
6328
1069
1805
6272
9402
909
9138
8862
1037
9345
3031
5788
8759
3491
2815
2646
3940
282
4699
4127
5964
1180
1933
6861
1689
4847
8836
7557
4604
2349
1099
932
3418
2904
3556
9173
3814
2694
8035
4851
2039
7419
6991
7150
910
6159
9796
1202
6441
848
5329
8757
2028
7262
1970
70
2109
806
7627
3065
3156
5078
349
2926
7982
3906
2099
8148
6600
6487
9352
4992
258
2695
8494
1168
8854
4643
2371
1647
5491
4052
6756
7519
1315
8727
7589
9776
9533
1568
9194
9041
2998
9543
8320
981
3449
419
5481
6402
6906
1185
7746
7164
3881
6240
4685
2735
883
3408
735
6374
7460
7491
3894
5127
6218
7835
1256
2104
5756
450
1145
8754
9993
5817
6087
9795
6237
1569
6197
9495
2754
3943
3012
2987
183
4049
2075
1067
3809
2810
3793
7621
6653
7687
9101
2872
1875
357
1328
3983
7159
8825
2737
3504
4643
5177
3299
7232
6746
5848
6727
5852
6143
6091
5192
2679
6492
7267
98
301
6429
3891
7923
3082
7931
3376
2306
9806
85
3634
141
7244
2460
2878
7100
3455
8055
400
687
1153
2600
3766
3358
5096
9858
8550
7775
2702
2169
7873
3004
8598
8116
7279
1680
6047
655
339
2205
740
3973
2346
4336
2785
1577
1436
2592
5984
8188
3279
3490
789
3398
3200
5885
3256
8102
12
2310
271
7885
5314
8869
2353
8945
6901
8401
9600
7240
6958
6692
7566
5657
1028
6703
7234
2465
9296
9570
653
8927
3060
7794
2325
6260
31
1933
4362
43
4244
985
4280
9558
6206
6634
8504
3108
1387
4456
6700
8345
7501
4266
4002
8529
7322
7588
7346
6618
7159
4352
5545
6571
8498
7871
9184
8530
9804
9898
4925
400
884
9206
9959
7090
5840
4815
6550
7227
5623
3251
1924
3124
3869
2279
8006
1191
9867
1704
4161
3378
6056
6059
6302
907
3930
5486
9437
86
1736
4362
487
8972
9920
6798
6063
5760
7965
8965
9339
3588
2216
1264
3065
2438
3543
1071
9981
9762
9127
4143
9493
5184
202
5795
2443
484
7633
8232
6922
9369
8946
3761
8342
8867
559
757
979
4876
9722
319
4817
8291
1583
7882
729
1478
5305
710
1240
4432
1205
733
5968
1407
2880
8411
1891
513
6643
5166
9883
1942
8927
4577
809
5839
5334
1788
715
1408
2107
5532
9699
42
9766
6780
7872
5071
3843
5465
5856
5048
2550
1824
2808
5431
6588
1051
5944
9583
6217
2179
1525
5145
6756
2334
984
8442
475
8051
9851
8934
9936
5902
5329
9702
9035
3201
1126
2878
8666
6982
7926
1217
8806
7086
6648
1746
8138
8944
1330
4355
1124
2855
5852
4232
1542
3188
2675
8369
1240
8878
7303
1176
1132
8984
7230
167
2186
8356
3045
7204
5338
7324
4773
497
4410
1421
2243
2548
6718
9925
3256
4194
2781
9108
8426
675
2297
7453
5396
9889
2683
9051
1065
3816
8036
4647
3983
222
3004
3381
3778
8342
705
8552
5191
1467
6325
7435
368
3043
7360
3624
7237
6493
9084
2016
3520
7733
9469
8916
7622
2153
7968
5039
2321
2356
9687
6304
2578
2691
9685
2708
7385
6742
1260
2577
8210
7586
6364
4930
6981
3724
4906
571
6570
3990
2587
90
1724
8408
5359
5698
6913
9679
738
9234
2035
425
1891
965
3116
1576
3673
6853
4671
1286
9430
9233
8872
5794
4163
2205
5871
9069
2776
2441
9411
5363
8883
7487
124
594
3186
7037
273
3924
2624
8660
4349
4515
9625
3817
6091
9651
670
762
937
6453
9995
6161
8599
510
8366
4470
5931
1143
3263
5343
2858
2147
2830
9334
2741
2368
6372
9367
6292
8996
8027
6993
3511
7653
7162
5954
3656
4185
3069
4593
638
9416
7106
9237
9927
5472
60
5858
2967
3323
7553
2178
5470
6736
1512
4564
9104
7884
3931
1749
3232
8310
8742
3095
5963
5905
9050
5971
90
8471
564
7080
7887
7670
2669
4166
9495
2729
6377
2462
6053
3930
992
7875
7018
2505
8791
6123
6741
9074
7872
9974
7385
2966
3069
9700
5223
8471
5672
1665
6942
2588
5097
1182
6611
7767
5348
6106
496
1725
4920
2901
2008
5913
7129
9026
4770
5920
1501
1511
4995
5725
7837
2380
8692
7259
2080
267
2082
4104
8285
9025
6693
3382
6559
3304
1149
1907
5762
7998
9985
682
7251
8345
2947
4380
7371
4069
6653
8873
5581
1648
4598
9770
380
9642
7029
8812
6262
9112
2917
4547
4489
9610
7929
1048
9266
5431
9307
5028
9781
5644
2062
7032
3989
1362
7765
1361
5431
4418
6586
7364
6066
7536
7135
2798
7179
516
1610
9793
9628
4527
4340
4117
489
8621
1517
6107
4052
825
7487
185
6469
9550
7218
6811
7264
4983
8172
9047
5753
1110
2764
1819
8646
9899
4617
2177
6767
2579
1970
6396
7107
2662
6865
3948
1284
8383
56
1688
5560
7543
1874
8381
3445
5444
5192
7061
6779
9716
6109
2532
826
8873
703
5825
5124
5320
8002
8243
7899
6325
4639
1358
8987
1505
1659
271
9888
1715
1960
1800
5610
186
181
9056
5630
5374
2469
2409
5090
8578
1293
2269
3803
1996
8094
5279
7316
2448
3523
1567
8773
4514
9278
7761
6019
937
4384
2259
9004
2696
4059
4614
2882
4241
22
4864
5967
2492
7273
1057
7422
8566
9678
7578
562
7772
2857
4230
221
2732
2150
5346
7247
7780
3107
9618
5069
3844
1878
4073
6540
2289
5039
5775
2882
1414
639
8849
258
7913
6259
7680
2831
5937
5258
9746
62
4468
328
6635
3552
8830
1981
799
6610
5089
418
1679
5285
8648
2104
1825
7289
7144
7600
6524
4910
4592
1725
5168
8857
4336
2848
1688
6626
4459
7786
6688
5279
8115
3323
8831
6945
5304
5983
9908
6745
2753
1587
8382
7753
44
208
5042
3540
4160
7918
8450
8752
9644
3618
7609
3980
2818
5650
606
3629
3436
3646
8908
7903
6969
4092
1201
8626
75
1109
1723
2828
9048
106
581
9092
6666
1975
2632
7178
9894
1082
5931
9538
1052
9892
9870
3871
1894
477
3852
1683
475
2761
9586
7445
3205
7139
2423
3280
8248
4146
2460
3649
604
3041
2741
7270
5016
1726
4449
4910
9160
6732
800
213
2976
671
436
4871
7500
4288
2906
7975
3401
8844
1772
6606
5984
4195
6238
584
4694
8698
4233
1650
1739
3327
8921
3108
5053
9722
4370
565
6454
5171
778
5782
2194
7566
653
9694
8207
9911
7669
1608
8756
5794
4567
4740
6341
7157
5324
1035
5856
5910
9038
3947
9237
7959
3407
642
4033
7778
1207
6839
9301
8338
2621
1495
2256
9627
1189
463
9538
5210
8424
8294
1004
9343
9386
7346
6500
1063
4733
8708
6973
3771
2656
2562
8082
2415
9556
8467
193
7115
5306
9494
1805
7928
7341
4062
7555
4882
4525
3445
93
2949
8092
7449
2292
7478
1147
5145
8541
5881
3853
1866
6004
2861
4428
439
5277
336
8906
1822
7452
4213
7669
9257
8493
5010
3319
2400
9893
4197
5845
6338
3498
3937
3787
2143
7768
1287
7288
6309
7168
7493
8176
9524
6707
8956
6315
8336
5645
5222
158
3097
5787
4179
8706
4280
5542
8378
6680
1787
2575
8877
8125
6073
2815
8264
4568
583
9551
1856
3244
3071
5702
7772
8948
2409
3081
5263
745
8726
485
7255
8175
6272
1435
6881
6904
3329
1611
9936
5116
538
8814
3241
6612
7981
7857
1180
8564
7409
9389
8160
6832
5091
5933
5780
3852
5366
1044
4597
4092
7881
8204
8619
506
9639
1852
7410
2968
3464
7347
4436
4002
6161
7677
6966
4142
1887
4499
9058
5648
3888
3570
2480
5331
5855
8261
9183
1221
5657
132
1665
3538
8336
284
4044
4328
2137
7807
3648
5601
5154
8085
5955
7667
2114
2922
8161
4001
7421
3571
9649
7661
7141
8482
9344
2997
6743
4879
570
2400
5011
2236
2290
9699
2520
6335
4027
4657
4142
4028
6610
5648
2113
2566
9667
579
5488
4180
4581
9261
4103
582
6922
1244
9064
2618
593
2159
7497
1164
911
8860
9752
3202
8559
2272
5889
8939
6930
6383
2967
9892
2031
1432
2458
8050
2011
7946
8582
2944
7207
2685
3527
481
3929
8943
9451
875
1103
6948
8391
8366
2160
8143
1568
7072
6767
7457
6011
3697
3840
5330
3590
2223
6762
2400
6625
5125
347
5207
8070
3906
7892
7949
740
8174
6892
191
5401
4347
3492
3792
9066
2004
8287
634
9076
5054
4444
1439
5104
8284
6769
5046
6860
9883
7446
3485
5009
4145
5045
9431
8052
2937
7380
5144
7463
624
5335
2864
1324
5179
3008
390
7184
1295
1024
2612
2702
1820
4052
7806
105
7173
2852
3317
3409
6650
3154
8418
796
8199
4201
8848
7489
1581
344
4952
8557
2031
4169
9881
7211
3529
271
747
4825
7648
3359
7527
9468
3763
1685
5925
937
889
5594
4346
7539
8749
9116
8335
3300
9669
3535
789
1250
3879
2094
6159
5911
2615
6041
9474
6144
2664
221
7321
6664
9932
1200
6133
48
2885
8410
985
3774
4005
1683
1314
9106
7151
9649
2406
6820
9537
9548
4422
3416
7994
6933
5679
609
2974
5153
3105
1991
1726
427
8655
8011
1627
1140
8059
4513
9551
5396
8287
9908
3431
5953
5366
582
1955
7772
3754
1492
3672
4528
1260
1666
1461
6940
8627
788
8445
1733
2779
6524
2160
1434
4535
3787
8927
2594
4652
8478
7990
9292
4738
1421
5245
104
8355
7200
4228
8461
5044
4253
9341
6305
5919
7154
9597
899
7942
4394
8984
7073
918
1144
4860
5453
1283
3787
4399
5936
8617
8741
5228
3355
6514
6825
9811
4869
4026
391
9682
5422
4644
9023
1727
6916
6178
7676
7815
472
2071
6799
7546
9341
4295
2406
4795
5578
2545
5546
7866
1162
4288
9446
869
802
6272
680
2024
6650
1071
1706
2072
5716
7082
152
2632
9612
7828
6799
6436
6251
9950
3982
5593
4245
2740
6740
6175
1637
2286
4042
2799
6574
3488
3668
3729
6112
700
5753
2762
1772
3811
4835
3840
7245
1339
2824
6857
9167
9623
3294
1771
9573
3628
7364
170
2721
4104
6345
4358
6390
387
3510
9317
228
3530
9398
6340
4231
1503
9103
2355
5314
290
6195
8912
1629
5371
2121
7148
1346
5415
8919
7271
5396
2635
7441
4469
6739
3786
5179
9482
526
5041
5151
754
8572
4549
3446
2803
6052
8901
1510
7718
5543
4057
2982
3524
9428
5104
673
774
6871
5944
8045
2267
8580
5486
3088
1671
5624
8268
1153
6150
9661
2656
3256
8233
7205
6703
7388
9609
1956
8898
3680
7500
2955
6662
1024
2383
1766
8049
9509
8638
346
3906
7257
8926
9392
6698
6949
1369
1318
8103
3871
979
7111
7128
9213
4317
183
6601
278
2139
5500
3958
9639
4807
6973
7016
3543
8739
5065
3052
3729
5411
6959
7339
689
2703
4037
7639
4072
5355
2094
7944
6334
9205
1424
5547
9874
1607
8501
153
98
353
4111
9738
5160
1084
3106
8703
6176
8171
8108
9905
9935
5067
3596
624
4122
7633
4615
8195
2988
3061
2491
9323
2267
3915
1222
8493
1874
6075
8646
1972
6428
9110
8062
1589
6546
1168
6644
2722
5692
4752
8980
5627
9819
2576
2603
3942
6562
3571
8489
9550
6632
7332
5225
5251
7599
2800
3745
5825
8875
2391
7797
5304
7853
2212
3245
4400
9732
9889
3474
1776
994
8806
3755
813
7735
6359
1107
4297
6282
5948
3847
2914
9632
5425
8166
7231
8225
1911
3056
3452
654
7206
8756
8508
5770
8353
2908
5502
4595
2734
3631
5589
1541
7386
2754
9276
97
214
3573
6379
2514
3772
9294
2147
9197
3812
9378
3774
5723
8787
7227
2729
2345
2335
1237
4467
689
497
6321
1636
9584
9952
7225
1125
7339
6331
6753
7436
6545
326
3816
9060
450
9462
1207
9648
3274
6937
9774
5349
2076
7001
8078
773
9337
5668
5240
6378
2517
1562
8014
2101
1514
1591
9578
8853
7922
6331
2642
4468
3009
6458
3528
3460
5920
1087
9460
5546
4376
5586
895
6453
2588
8973
7226
8277
993
8819
4655
3511
381
9021
1964
8247
612
1543
7101
8534
4226
6095
9354
7236
2553
9234
7048
4825
321
2860
371
4698
8446
1266
7503
7386
6591
1081
5663
3937
9900
6670
3800
6633
5691
5764
4881
6303
3659
8334
1190
4238
4429
544
7826
6982
9779
4874
8159
6452
4086
4882
7502
8884
2500
5005
6271
5443
2439
8286
9380
2339
4957
3180
8973
648
5297
206
3304
8956
8540
846
9546
2969
1390
7372
6303
7521
8598
4462
3974
2684
9344
7828
7921
1844
2834
4192
7287
5273
8830
3020
3964
3787
6200
9289
788
7849
9495
444
3158
8035
1290
2704
7356
9032
77
3659
6554
8675
4473
6880
7712
3817
1060
5633
2013
246
6177
5653
5519
5007
5025
5836
5147
1225
1477
5935
5427
973
2731
8585
5360
4021
7641
2717
9405
7718
6376
5959
2746
850
9191
458
1019
6604
6091
9385
6850
2268
1390
2370
3627
6415
4558
8774
3992
6035
4709
9419
3360
7440
4356
8721
7813
1998
1438
7219
9716
4166
9530
2462
1368
5074
9272
8740
1678
5363
8125
8528
3983
9515
7250
7611
2282
1808
6385
6274
4196
1095
5694
7556
4887
50
6277
9053
8400
4067
6272
8117
4586
5802
6931
5954
7228
6204
1046
8906
7919
9171
7435
1903
5038
4685
9514
7320
2846
5899
9947
3394
3346
5641
950
4586
2043
3580
3639
444
3999
6263
4913
8585
2065
8196
892
9294
752
1938
4552
8672
7462
1987
6927
8852
3025
2793
2525
2223
8692
2472
5617
8391
8113
2919
9329
6508
2851
9320
3304
3203
5583
4569
8140
4000
9118
9032
9646
9870
7323
4199
4894
1137
2538
1821
9989
1915
4614
8866
490
9659
1338
2459
4402
5803
5379
83
8664
4582
9403
1968
7785
4986
2890
5926
8986
2008
1310
4985
8230
8633
9184
3125
6122
8074
1298
2464
9990
2265
1330
480
8276
2669
2940
2678
4824
4671
9113
3488
9253
8516
5457
7039
3502
4699
9317
8840
6707
627
3825
4937
5613
9361
4414
1735
7436
2065
551
3778
4330
8234
4258
8958
7255
3550
1636
2079
8221
749
5568
3827
5617
7377
7218
5471
2076
6535
4311
5135
3514
4489
6424
9127
202
7191
7215
7638
9256
7766
7768
9938
2352
2027
8896
9607
1929
6884
1687
6503
3985
3607
6682
9602
984
3900
5073
9412
6787
5736
899
301
6577
7323
5781
6780
4514
9348
770
122
3466
8539
60
5819
6918
8956
5426
8847
2192
7113
5350
6177
720
8384
5779
8056
2284
7204
7468
5423
2941
8367
2077
9518
2043
7858
2650
2909
7206
3421
3032
672
1960
3092
6491
8878
8401
8270
4077
593
5383
5780
3123
2456
4164
8902
512
2801
6107
4333
8224
5400
9052
301
1270
1095
4511
3921
4005
8069
7342
3389
5094
5654
2833
1585
4532
1234
9855
4961
8180
1591
741
7655
399
4906
6557
911
7707
9016
1596
2283
768
649
8937
2039
8096
3448
5960
8453
7870
9654
1842
2964
5308
4676
901
9840
2262
7109
4801
6794
8700
1895
4449
9099
6801
7359
6362
860
2727
4311
9495
3496
1312
8432
5535
9408
8233
7847
4214
6103
7501
2408
9067
2809
3436
9968
9001
2051
7077
154
8845
2129
2049
9647
7580
5202
3358
3943
2414
6085
4606
1910
9581
5918
342
1468
1678
8575
9315
5892
1030
3168
4653
97
5977
8089
6418
1330
140
9847
1485
5338
1977
9886
4985
9557
5089
4695
9852
7503
780
4458
9413
6714
6728
6108
8182
8407
4683
3850
651
2066
3370
5304
2163
5700
3394
4933
7030
3534
4781
8515
5224
6758
8402
6561
2667
9843
1256
8872
7346
2037
9682
3112
8751
6411
9220
3285
4818
255
3487
5469
2321
6858
774
837
2558
4168
5770
9588
4054
551
4456
9279
3661
9210
2192
2681
9053
3449
1553
2751
5486
1235
5863
589
3998
5083
3874
8816
1691
7362
638
4012
572
1412
1201
3130
1932
6972
9070
2338
3875
3526
7969
3889
2736
162
2922
8141
3611
4475
893
5449
2062
6756
6038
2413
8192
6264
1229
9883
9978
1867
247
550
9631
1449
32
7915
4773
9103
254
5000
8981
4575
5241
8070
4737
8163
6211
4700
8990
7104
149
1053
213
2539
9818
8405
8804
1047
4640
8782
9267
1239
5685
8898
9040
5717
3166
3813
1172
3420
5166
154
7995
407
8224
9085
8571
787
3785
7561
7892
287
4966
4457
2826
4784
9214
7982
2184
3854
3117
1451
1445
8802
6701
486
871
9867
651
8396
9639
5817
8550
3987
2577
3126
9424
1148
3913
9561
8709
8157
9848
28
2614
9027
4812
1828
3361
3348
2034
6478
4799
3480
1632
7853
318
8856
4072
969
7252
3712
3139
5802
4051
5716
8928
3475
3216
9193
3036
8277
7351
9237
8305
9965
4616
9470
1794
7977
2818
180
808
3970
12
2440
8175
330
1296
2247
7652
8548
2311
7143
702
6362
9211
5982
6189
2427
5176
5578
704
2527
1167
5362
8844
5783
1184
6990
112
354
7171
920
4324
7183
3361
8851
3866
1009
1099
1518
5910
3410
5013
6612
9773
4224
8947
5962
6651
4123
7892
3707
3002
9059
5421
8198
4842
6605
5189
4955
6960
8712
2227
7636
5895
5588
2840
6113
2950
3939
3983
8860
7349
8996
1824
3474
9572
771
5789
6223
1246
3681
6283
4248
2741
8056
8799
7583
4662
3988
8890
7974
2700
1118
1962
4947
3058
4802
1061
2360
8741
1396
1220
2443
393
9397
5917
9965
168
1706
2541
1415
5388
5176
2015
4481
3232
814
8416
4246
1154
7307
2220
206
4777
535
5154
4187
1689
2567
6548
6783
3963
4120
9226
708
3517
1495
7026
38
3202
5919
7805
4942
1095
6172
5775
679
3339
4191
4926
4493
7850
3498
4700
8979
4033
6206
3167
5723
8773
6067
8858
9088
6539
8084
6149
6409
9579
3175
6447
9133
5446
604
427
6541
6776
6202
7220
115
6746
8498
4609
4596
1997
5661
9928
2382
1867
3095
4457
6992
5514
3315
2432
2053
1399
4933
8462
7331
8108
1261
2816
9906
1865
9596
6447
8642
2150
20
5109
8896
4870
9718
9845
6867
1731
9773
9250
3598
9220
59
6942
1086
3375
9375
3139
1126
4308
7954
8457
8769
5567
7626
8675
7433
7222
1475
2427
5724
7847
7536
4621
2717
3607
818
5937
5338
6943
1539
5289
6163
1598
2231
7249
4973
7958
6740
6100
8619
1046
909
7388
2966
4887
2415
399
8461
242
9178
4186
4441
3066
8807
3511
3025
5977
9448
8364
2920
7339
5
5435
8937
2236
2684
263
6547
5776
2715
5166
3175
9976
2554
6141
4864
1321
2892
3325
7916
8422
