4100
8997
5022
5056
5998
5373
2267
1783
6776
3809
5027
8238
3327
2945
3245
1789
9932
2949
2015
3635
895
7044
2091
9056
5474
386
4193
1146
5472
3458
2569
9573
8808
3943
981
1158
9317
3248
2941
6093
3409
7969
683
6736
7266
3928
4877
3550
3229
6892
7186
4125
289
5629
9533
2115
2367
3726
3261
7839
3536
2183
7412
8696
6126
8393
9854
5443
7993
2796
7888
7755
7117
8572
4491
4383
8852
9369
4286
2082
2613
1472
2559
9254
7101
2092
7721
9468
2170
7335
3659
2058
9518
7424
755
1996
2169
609
3792
163
9757
8032
4270
3226
2956
8761
7610
1809
4482
1896
243
3448
9720
2802
9054
3173
1246
3128
8993
3416
463
2652
1826
6333
76
2581
4681
2246
9543
8473
8761
5652
2858
3031
8879
5814
8144
2841
3975
8979
1089
4218
2427
809
3372
7833
3982
4618
961
2975
8034
7776
1979
9861
4109
2056
8794
8791
654
8337
3616
9415
3990
6474
2446
9221
8641
6942
2062
2616
5921
3151
6835
4700
3960
207
2534
4294
4826
9847
3621
9212
7624
5600
5425
1733
7656
572
6876
8310
5261
493
4077
5603
6967
2875
4824
5608
9818
6886
4577
5739
37
1412
6792
349
7971
9326
4643
9149
5525
4616
4714
3149
217
6491
1235
7873
7063
8111
2536
2325
8604
6613
4280
1924
9489
9105
3884
5659
2343
8461
7750
2381
6225
4542
9082
549
220
78
9698
5746
4694
4412
5247
4911
7256
6482
9137
4319
946
8025
2996
9550
4638
7277
7826
479
6382
8063
6138
8725
6524
3889
7458
9102
4783
2893
9651
5004
2971
9349
750
4017
114
5997
5281
7370
8832
4418
8041
9778
2443
7390
5680
3433
4667
9859
265
7401
7922
2755
2478
798
2996
6289
9900
7780
9182
9551
2784
8505
5253
9886
8874
5367
2235
4155
9089
1067
8573
3482
845
7368
872
2878
7154
1891
2737
7419
9292
659
174
8123
1457
3171
4412
7710
7303
9946
7261
87
4803
2514
9973
3677
4233
8560
7833
9674
9628
2758
3157
6825
127
381
6055
3633
2273
8792
1052
7917
5803
7578
6040
3613
7101
6804
1323
4404
3102
8584
4491
7905
7451
816
1583
1684
5729
5768
1359
5357
8526
868
8534
5005
1249
4590
8638
9874
9734
6042
7792
1890
9973
3832
5503
7074
6989
6826
1479
91
1762
2322
7997
9213
9491
5932
7250
5220
1700
4961
6929
226
5829
1815
1584
3430
2757
6574
3305
2492
2617
1097
734
2590
1281
6237
9664
8270
3063
7495
8362
1177
6170
2711
391
5661
8643
3993
7233
6695
8954
514
3273
1135
2329
4857
4565
1439
1432
4222
283
401
1671
1017
2991
9305
7254
9007
7575
6669
2855
2289
7846
9025
1352
4589
1038
6347
8582
4623
3042
3888
5137
6316
5023
3818
7525
5941
5257
8957
163
5540
5710
8187
2909
8701
7492
163
4061
1419
3184
3268
61
1031
2293
1413
1972
9683
7761
6907
4306
7155
795
5795
3471
5819
5965
7349
1760
1223
2658
8275
3115
8369
2814
6025
3422
6658
2540
7483
8078
5725
7103
4491
3108
5748
5904
5080
5431
17
1987
6089
7173
2783
8236
6996
4954
4202
4345
6714
5425
3356
1341
4892
1725
4156
7269
5147
814
9810
8983
5244
5535
6086
9735
8643
1835
1992
75
3618
8361
8415
6060
5534
1198
4296
8883
6152
8498
9580
9218
275
2936
6911
1520
1013
7419
8789
6161
4586
8599
1496
9830
4134
7582
5918
9129
5769
7910
5557
5740
6271
3972
1800
8158
5170
6096
3393
7674
947
9325
3244
1222
8614
6507
2742
9627
3927
1532
5788
4865
6483
7284
1047
6970
1219
6965
6099
3340
1227
1656
9080
3851
5628
880
8361
7150
6977
8106
1176
4276
7431
772
5498
6045
3632
4593
5673
7559
2477
7813
8776
8960
1450
9823
5930
2669
3141
8382
6009
720
6390
1442
4571
2019
2322
9284
5521
5651
7390
3050
9927
1174
174
1778
7219
3806
6371
9244
7717
5200
7058
6493
4160
8508
2669
6443
7529
5810
4825
9890
6530
1215
1332
7454
9586
3655
6738
1460
5658
481
862
5586
1655
1036
7364
8874
4843
87
8119
8912
5287
1529
5406
5799
6389
8075
8594
3918
3885
3419
3808
6767
987
5141
4221
6925
5148
7312
8385
806
7793
5599
2744
9448
6636
108
4674
7831
6547
9145
6743
8186
674
8501
338
7063
6576
8932
7333
6813
8704
7494
9933
9691
2635
4154
2968
4135
7818
7706
1293
5611
3305
4038
1411
6293
498
2438
4124
7046
1583
7220
1584
8610
5721
1922
2025
8650
855
5711
5463
5911
3205
5396
1954
2192
5903
4922
6327
3721
2628
7620
5685
2286
8010
3448
8579
8509
5886
9056
1907
3822
6276
3491
8784
1997
5414
7161
647
2621
2872
2463
8532
6077
4211
486
4621
114
1760
948
188
4389
4921
2225
3027
9283
5673
1606
7792
1560
7014
9699
1734
3290
3191
518
1640
4957
4031
8639
7578
6904
1102
2462
9333
1666
9300
3955
1780
1060
1255
8320
1801
2528
545
4828
1812
6219
2787
9604
4131
9801
5656
5865
9444
8847
2735
7436
156
6766
6075
4086
22
3530
6548
9356
5196
2200
9663
3328
3260
7270
1649
5062
9799
8546
6242
1611
1117
5381
7567
5248
1535
3223
7465
979
8422
6552
4767
4930
9671
842
9016
6045
4372
1916
1753
5920
4116
1416
9249
7377
8687
7250
8791
4838
2148
1385
6449
3266
6767
368
4866
4654
9944
8684
1985
4718
1588
6752
9649
1259
7594
8665
7305
8319
582
9058
4239
4698
6827
9840
8427
1866
3442
3570
6704
5591
4956
9505
5209
8075
9873
75
2729
9817
5111
4714
888
6700
1466
537
4311
5412
9202
1616
83
6136
7027
4323
7187
206
515
1966
2072
310
5537
8776
5901
6845
8281
1110
4920
4506
7537
4001
676
2649
5067
1564
9349
6533
2101
3660
8297
7655
1629
8381
144
5008
9056
7331
1566
9571
5649
3638
6233
1186
8766
2134
4383
3399
9596
5655
7905
7134
9656
4933
6135
4723
6497
5484
7608
4950
5496
5906
2606
3477
4287
9102
4837
9695
2785
6403
5618
8434
6393
1852
5973
1511
3986
356
4910
9935
6012
9168
7069
2020
4101
9556
3096
599
1392
704
5549
6888
2962
4507
6718
3601
3609
7907
3296
6394
663
8915
1181
7056
767
7154
8568
1105
3862
9830
7392
9874
8998
813
8247
3100
369
1343
51
1761
2047
1952
5002
5010
2812
1720
4963
2773
5979
8260
9168
6642
7175
349
3699
4294
3855
8619
1751
7717
8449
9144
3944
3800
9957
2191
3252
6679
9886
3303
8440
8285
1607
3442
9647
4419
1514
4611
7193
7494
2871
2713
4136
6398
9414
4187
7044
3269
2806
5147
7338
7608
643
1282
1408
6953
9825
1012
3632
9711
4315
2072
7997
2274
1867
7644
3046
3381
2255
239
7227
1478
9304
1364
7876
8718
1903
1272
8339
1062
6420
5677
8670
7063
3312
6430
4016
3137
7442
4000
9201
8109
6073
7198
383
7940
1194
9781
7673
9802
20
4901
7632
5676
2617
1861
746
4520
3133
5437
5582
5905
1115
4252
2969
779
7034
3337
3916
828
7338
3117
8937
9763
6667
5673
4055
4214
5454
8080
368
1827
2981
8000
3855
5598
9861
4602
119
9347
39
5701
5252
7506
6306
4573
8285
9692
4263
8554
521
7953
8023
5810
7716
1043
7835
8123
5257
9642
6203
1977
7821
9185
9977
1676
1135
6191
2630
7606
1890
9022
3308
7142
6528
5966
8068
1166
2010
2331
9720
8883
284
4095
4694
4352
5138
8881
2475
6747
8523
5030
8724
2696
567
5054
725
1703
7597
3355
9309
9487
2377
8969
2981
5258
1287
1049
6424
3298
3380
2496
2181
16
6591
3227
4368
8082
2109
3195
1181
6984
8226
6258
9681
5145
7664
406
6848
5261
113
2510
1100
8843
7831
433
4101
9119
1483
6877
8769
1215
9373
950
7584
2316
530
8304
6750
8991
1500
7932
5975
6078
4190
2008
1223
1854
8766
4424
3467
8880
3286
919
7723
1117
1352
8176
236
9187
5053
9005
6755
778
6308
4339
9446
3190
2643
6197
2181
495
481
8156
6573
1023
6517
4149
9229
5283
4925
2696
515
8211
9967
4590
9328
1319
2766
5917
507
4171
1274
3614
1301
7582
7953
748
7124
596
3297
9305
1092
130
3814
4017
1153
331
4518
382
1966
9443
9430
2482
4006
9397
3424
3335
716
2543
5604
7575
6714
6878
1189
4368
813
5494
5116
7937
6091
4765
7243
3535
4895
1057
3904
6048
7740
8423
2782
6058
4218
2212
4892
8225
7961
8317
7912
8677
860
3516
2605
3926
394
146
8294
7559
5641
9762
5497
8084
4527
9092
7971
5774
6501
8227
1822
4241
6650
956
299
7221
3168
5192
1798
1129
9861
9710
6159
7073
9578
5116
999
6324
1614
5646
3884
7255
1760
9381
1691
6288
8473
6014
2062
4974
4242
237
5567
892
7545
2218
4465
714
3762
6263
8195
3623
2325
706
7048
1903
2174
4400
8228
3789
46
8464
7396
8158
7845
9088
4446
2670
5102
2861
3996
9344
9450
5915
6589
6995
8133
1054
4061
8248
3670
8609
8223
5995
5667
5272
4251
7842
9672
8831
1631
6070
7295
5379
4228
1492
4467
5027
514
5922
4240
862
1618
3690
6777
8207
7037
1262
5614
7451
5862
5636
6060
4086
1631
8079
9358
2234
5921
5382
7417
3904
1452
4712
9284
2032
2556
103
7059
9422
6025
7651
284
7644
7693
3413
2203
4731
4676
4169
2182
538
9805
4594
976
7789
2673
334
23
4947
2068
7441
8851
9872
8505
4487
1905
7414
943
5316
6836
6968
2968
3473
964
661
6886
9520
1744
7914
3689
278
8453
9847
4872
9429
7636
7546
6116
4011
8845
4536
7804
7696
4409
2662
8536
2666
76
9479
7982
3264
2799
7302
6737
116
4316
9976
9636
6060
7890
9677
6339
2695
9524
7563
2125
3512
1461
4593
7524
306
9129
5328
4355
9890
7990
2891
2556
4418
8722
6891
4035
1521
4193
7124
7989
4861
7100
7625
922
4991
3655
3613
7686
9531
7528
6163
3044
8990
7108
6920
9296
2590
8600
3
2480
6591
9246
1389
7361
7968
8280
1396
5842
8825
8521
3831
3687
5621
7809
961
6964
1464
4574
4651
7347
8454
7166
6743
7444
4275
3663
3093
6865
2264
3096
5697
5207
8695
7086
2568
6663
5366
317
2505
4192
5190
6337
7879
7163
4146
5192
4128
1962
6118
5131
9309
4572
2297
6053
2017
6572
9716
1462
9789
8332
910
5487
3539
9605
2573
2460
6269
4292
2777
5126
8484
7967
1463
2715
5130
1961
4259
5610
3923
377
741
3233
4949
3039
5638
3318
5963
1706
1132
5753
39
2043
7592
3578
8000
165
6038
621
809
5167
5748
5645
3134
3563
4712
4617
5525
8971
227
5800
9348
969
5385
650
360
1023
3968
6323
2730
5101
8428
9121
3496
6020
2699
1496
2538
5090
2118
3347
257
4218
5345
9744
7781
57
713
9658
9029
7292
5459
4729
4613
844
5379
4973
8220
9348
7649
7302
801
6077
6423
4297
8450
9122
2145
7340
564
4263
7039
7174
4833
2384
3270
2615
2442
3983
2273
1471
1275
4084
6200
2241
1281
7932
7214
9501
7280
1215
6803
4433
7293
3226
5082
2095
8700
7227
9435
5617
7843
6474
2791
2676
5211
2413
5291
7653
6396
3917
5476
4023
4353
8028
6264
5634
5960
9831
1487
9592
1046
4642
4025
4691
7868
9107
3138
2921
2687
2573
4890
530
5400
7681
9558
6963
6446
1202
4616
2842
5119
92
3217
5824
8120
5834
7811
433
2017
9298
25
3063
3941
403
4107
8161
5862
7245
7434
8549
6171
2324
5431
7923
6357
4990
4886
2803
6192
9502
1997
7663
5946
1567
3487
418
7401
1298
851
9418
6949
7229
8833
890
7632
9292
5403
3494
6538
2838
8396
9061
5162
3827
6984
1520
5169
8222
675
1361
4076
2673
9024
22
4240
8864
6792
7993
6514
3996
3763
3463
1225
2596
705
5209
8241
6109
5055
4779
8947
3451
192
461
3631
7176
8333
8800
1750
9009
6514
5826
8034
1890
2200
2274
754
8992
6619
3621
2988
382
7084
565
9330
4142
2126
7571
251
7182
8702
9198
6985
8894
6011
616
2422
4345
5769
4172
3354
2283
6350
7740
4173
8550
14
1280
7543
2985
4901
6883
3367
8337
3801
2697
2479
5927
6621
2730
3109
5323
8280
95
570
644
7063
2992
4989
2832
3517
4695
1467
9867
2435
1993
8418
8801
3273
2313
1786
4526
9196
1505
9215
2997
4202
1695
5277
823
777
4738
2499
5410
1185
3069
6054
8249
2413
7395
7433
2282
2090
8901
2150
877
894
6920
9678
519
5585
7816
1397
4781
9321
612
4131
9875
2307
5760
7051
9437
498
9550
4847
1684
8971
901
6285
1384
4648
3718
19
6738
8971
2169
7615
6217
5441
3645
3088
1026
7813
4485
2159
7134
5098
2642
3361
7405
8402
412
3194
5253
6314
8041
3289
5285
5294
9574
3022
9942
9644
3041
3032
4968
1562
647
1185
3355
644
626
733
8457
5111
2892
1943
209
1887
1657
3967
6641
2069
3513
1894
8384
1555
5183
21
3201
1109
9395
3144
754
2436
2528
5722
350
3176
3259
3705
172
3885
4438
4982
5349
3683
6925
1910
5570
4934
2229
8563
7004
5743
6810
1740
7298
8345
8113
6851
9455
7509
6347
6561
9945
8876
2283
6648
8404
1894
353
8576
5780
4792
3558
7481
4827
6836
9391
397
1770
1621
5312
5126
7364
2122
3218
1014
6820
1332
7865
6275
8841
4213
2836
5138
9441
1471
1786
7845
3365
2140
6421
5497
3284
6332
2978
8111
9520
8722
4860
7642
343
6524
2769
4059
8647
5987
5073
5467
3671
9290
8094
2512
9855
7282
7651
9296
8753
5789
7141
8470
4281
9915
320
7565
6247
3298
2028
2119
2020
3240
9761
8715
9765
8882
2774
4764
1222
4199
6583
4893
3490
4677
3758
9697
1959
7761
5346
7064
3550
2487
1886
7832
2402
2206
1749
5001
1857
3778
3472
3877
3370
3234
8945
3135
8468
1719
7899
6042
2271
4482
936
2113
5511
1046
1810
3822
8807
7156
886
8709
5996
9125
6541
4750
1331
4643
6104
3188
8421
9576
3418
1791
9162
8715
1279
7631
434
9178
3673
2705
13
961
1170
1876
8359
2981
5699
7166
6489
2937
5876
2485
2062
8769
7236
9746
3412
3340
2934
8185
9268
2704
6329
8431
1419
7608
2414
8206
3138
2439
7263
9503
9753
8434
1380
8112
7767
7079
1631
4256
6368
7507
3094
4783
2628
6682
4529
2393
6374
3815
6930
5642
6520
3259
4073
4291
7219
2839
8849
6710
5279
6113
6213
5032
899
3945
3144
8666
7376
4775
9274
3745
8634
8720
8528
7615
5402
3057
6360
1776
3224
3290
7419
6096
6550
7844
388
121
684
9237
6831
2315
1702
9397
7347
8953
3342
6843
3971
719
7971
3246
816
2957
8318
5696
6924
3721
5105
3284
5497
8329
6575
9268
4426
9477
3465
4814
9598
501
403
2782
2816
8458
2179
6515
7411
1873
9710
7735
8944
7681
981
9760
6991
9299
5456
3915
9372
6913
7200
1222
5243
3775
6842
9669
9604
307
835
5554
7160
7590
8336
9976
2400
6867
2843
9812
5093
2554
7547
4037
6587
4880
150
9930
531
1958
3846
6256
8872
7398
7478
4115
7525
4320
136
7129
980
971
2683
8140
8561
7372
4469
962
591
3664
7126
5684
2570
1025
9722
9158
2257
9872
5440
9140
8182
9286
5396
7054
3036
9226
7521
561
3547
7657
4042
879
8628
3078
5371
3542
450
9840
856
1041
3505
4334
6726
6075
1711
2800
1585
3968
9024
7026
9460
7206
2664
1209
613
5701
435
8134
2614
334
5792
6657
1213
772
9735
6585
666
6537
2777
7874
7578
2634
2208
656
5062
271
9808
6647
4239
8832
25
52
2391
9042
1261
9356
1095
1696
7490
3709
2031
9634
6718
9596
6759
6453
2533
3777
2990
5311
1652
6921
4297
3860
3929
9359
4132
3738
2359
4723
8922
8736
1127
7665
7778
2388
7021
8873
437
864
8935
8820
6850
5653
8416
9961
2107
7302
3739
1449
8965
5391
4722
3262
5603
8652
2622
6087
8742
1333
7163
7664
69
8290
1682
4200
7031
5055
3073
7468
5919
8360
6288
9122
4014
1056
9083
2473
4710
9174
274
3675
4565
4997
3290
6521
3649
5912
2608
2391
3597
9771
6407
3666
4414
8089
7866
1445
3145
7292
5265
5416
5652
7905
890
6018
5313
9974
8491
24
5500
8766
51
66
115
3341
6587
3764
5605
5547
2507
9202
1671
5266
9221
6085
3356
7087
3882
2853
731
9147
4621
2736
7052
5512
8754
8717
1838
3598
8741
7338
8716
5145
7404
8831
8486
343
8947
4092
5891
1454
3294
7562
6720
8867
9999
6428
2307
3881
5633
3038
9380
255
2126
6432
5767
881
1501
3957
831
243
1295
9547
5388
5052
8378
226
5395
7325
4318
7638
5131
3965
1552
1851
2832
1551
4632
5139
1784
265
4530
1164
6872
6656
3948
8991
3889
5450
2948
4720
2045
4244
4267
3785
9296
8997
4011
1043
2674
8330
5034
7805
8647
6586
6009
1479
4490
641
2971
2626
7258
3853
3791
4131
509
4091
3122
751
9541
6071
5471
7938
6667
6091
1723
5963
1440
5735
7006
4115
4065
2040
1920
9064
4979
7929
6895
5821
4922
9866
8447
2181
71
2238
2664
6933
2682
2138
7684
2223
8209
9507
6514
4876
1950
8237
7191
3391
3972
550
7506
4389
8942
5778
3453
3921
60
349
6094
4982
6567
4542
3515
2991
3132
2531
9924
5814
4670
7608
4390
2879
3467
904
4108
5418
9141
7651
5161
9466
8201
2667
3855
7144
4797
3661
7417
4857
4010
3512
6192
6929
4406
6059
9920
7538
8591
9844
9705
3261
3804
4095
2492
3624
1351
6600
9042
6844
4252
4203
6310
8805
3222
166
2301
8019
3827
6071
9229
4189
5935
1773
7470
341
7832
3743
4231
6423
9939
3936
6036
3744
4383
8529
7368
5734
1481
2762
2579
2085
3317
8889
891
6539
5407
3192
910
5586
5615
6491
6127
1550
8264
9950
1891
6097
3693
6123
8872
3632
6411
4909
7376
795
3438
1096
6529
4919
210
5460
7005
3527
702
4248
66
6109
3792
7329
8048
9408
3820
527
958
8437
477
9202
886
4170
5325
9758
7803
8088
1019
1531
8883
809
8980
5413
2081
9190
873
5438
2718
1575
9686
9136
4037
3478
6465
8437
9238
6638
8964
197
5075
5794
5751
5961
9964
7428
2071
4119
5516
3091
2003
4400
3900
983
9813
5981
6525
7038
1419
5595
4966
1105
4732
5355
936
7549
144
6526
4187
5460
6723
5614
1254
8826
1575
7571
6254
3647
1690
1771
6738
45
6171
6990
1028
2336
2972
7554
5726
743
3149
692
8201
4233
2399
5489
1783
2543
2015
2322
8004
5091
7937
9258
3917
5864
3181
172
9511
4872
1943
2601
4917
4466
5944
2298
6802
8916
6204
2528
6011
5705
9573
4212
9939
1972
9701
8074
4516
1717
6748
8872
6808
4685
4482
725
6902
7664
7249
6413
8888
9192
5367
157
3658
1311
2455
6812
6579
5011
5693
2590
717
5266
6803
7008
3590
2856
5082
8106
925
8182
3330
7733
2868
7813
4811
6122
5477
2060
2535
4365
7605
4254
4522
7615
5565
3330
780
8496
8341
6473
1087
5410
1739
4242
2418
5329
3450
3852
9788
4376
2035
3118
8461
1255
7283
9624
7377
2760
8037
6264
3477
5642
6871
8000
9609
8788
7682
389
7285
6023
6862
4724
7786
4953
5318
204
6635
8768
409
2775
9496
8796
2245
7958
6403
9529
7582
132
2289
5619
2748
5767
7613
9619
119
7223
8408
7801
7612
5693
176
827
6769
7962
5780
2087
4519
2415
7207
1280
5190
6704
76
7436
1014
2831
6965
4948
2963
5606
6920
5711
7725
4533
5331
7844
8108
91
1997
2073
5784
2174
2900
8905
6488
8680
992
7359
7448
4551
8639
8990
1255
5067
2778
8621
4250
6095
3570
7213
1702
490
9277
5779
1375
960
3624
5836
1051
1973
7909
3187
499
809
2092
6988
5841
9436
699
9641
3987
9339
4984
1595
758
7762
216
5009
3858
138
8574
1912
6980
7851
7691
8356
8811
7667
544
9862
5993
8453
3049
6492
5614
1493
9832
7807
929
532
7449
4917
6223
2433
6512
6981
6547
3080
8342
405
3219
3269
8669
199
1120
2713
4907
6284
380
5451
2498
6373
3904
1900
2866
5870
3393
2698
3678
4323
9582
7479
5592
5805
6264
8456
9139
2811
1536
7481
9569
1107
750
8238
1307
8223
951
2566
859
7684
8018
3357
4057
8274
5257
3275
4145
8651
2326
4175
9326
8260
1654
4918
4066
7918
9726
3205
729
7614
7038
6650
8722
4141
4889
6381
8716
5840
8947
9575
9876
6965
2932
286
1592
4542
9913
5737
9545
8591
6264
8871
6852
7918
141
918
2188
9867
475
9269
7481
7513
5920
2555
8006
809
8936
6722
3001
7884
2649
9230
1201
1934
9516
2793
6476
9429
4882
6021
8021
7498
1244
4873
5416
1385
2143
3956
7604
8970
3226
1437
6483
5498
3993
842
2659
2929
3916
5660
7165
6566
1242
4719
8500
758
3864
4976
188
5099
7349
4561
2597
8593
5786
4366
9978
4281
8322
3934
3251
1548
5371
9734
3398
5716
6928
6057
4998
845
8070
2163
7411
9312
3234
2263
71
7099
7239
6611
2198
4588
7524
4795
9533
3310
5513
5863
7591
3836
9797
842
1736
1520
6928
5135
7237
209
1192
2235
1054
9262
750
4817
8575
3985
7080
4998
1084
671
7961
3282
5259
5485
4429
1144
8795
9943
7007
2738
131
3156
9932
1867
4676
6860
3354
1913
7069
899
500
4475
161
1251
9292
5088
5236
2724
6438
2672
3395
4399
2306
5006
9884
3087
6150
5031
3030
3157
4121
9513
6313
4053
7733
7342
7266
1087
5607
687
1986
6108
5163
8500
3711
807
9940
8947
3532
6379
7971
6927
7130
277
1934
3367
3364
8084
4750
2747
7594
8872
2260
259
2925
6345
7601
191
7433
9561
879
5771
5669
2394
623
5732
3201
6916
1031
6733
9647
9002
3661
6777
9279
5595
6496
2643
31
1247
1742
7625
119
4003
4237
9396
6700
8190
9588
485
7751
6819
6257
9772
9213
3232
5504
8766
148
6535
5500
6147
1889
5513
2925
1168
1108
9421
164
7491
7020
1906
1469
7139
2261
5706
6536
8962
3896
2476
9447
8000
5647
2056
7772
4860
1641
9629
9978
8141
6164
5478
4289
8054
991
3566
5574
8451
9339
2090
5943
6360
349
3764
9851
2610
5822
2739
7924
6070
5215
3724
4070
862
2132
1843
2074
125
7824
2053
4619
3988
3883
5260
8394
4875
8826
321
9678
4517
2411
1973
7229
2760
5737
3433
1723
1559
6172
5999
7630
1388
6075
1700
8602
4560
9895
677
4685
7719
9082
5656
8060
2965
916
2806
7840
9742
9479
7519
612
1891
5844
4193
1003
1582
7626
9078
9493
3799
5078
7123
5187
7505
5176
141
2065
1423
818
3103
5495
6252
8759
9907
9218
9676
2713
3410
5770
2193
7281
6382
436
3126
6928
1439
1060
4554
518
553
8353
1948
7677
9892
9453
9205
34
7871
6980
7204
974
2475
3457
9733
2382
9027
5761
1448
2437
1532
9993
6071
4266
429
9197
1194
8220
257
2101
5090
810
454
7038
4839
347
2844
396
6733
715
7377
289
1689
6204
3746
7774
8587
9125
3536
6387
1563
1420
6380
3986
2038
3161
3183
9585
1381
9792
1686
6472
6954
8492
9862
8146
5191
2706
8542
1924
3421
2271
8566
5110
8476
2312
9237
3415
7790
9125
9802
9353
6897
2534
3339
8935
5695
2874
4872
7076
2666
2910
9900
5972
1403
9763
4118
6594
2469
9013
4871
5891
1284
3437
7353
9760
2101
6590
9527
9891
2067
9329
5596
8964
8215
5287
7900
3910
4513
9124
7339
3531
2035
7239
9504
9790
3354
3622
2736
5824
8987
7607
8067
272
7396
1772
6384
5850
4715
5912
2093
6782
1593
4042
5747
9809
9329
9999
71
195
5475
7410
3726
7510
4650
3230
7300
4356
3205
37
180
2192
3996
4599
8816
7745
2724
5201
9947
7439
7465
2040
573
5410
6082
2672
5219
1764
2671
5291
1959
8147
9053
5685
2009
3703
5268
5662
8060
4825
5699
4592
3369
6047
5544
8538
144
8268
3739
91
2059
7556
2132
2632
2966
8214
5305
4538
6330
4328
9829
8289
8827
8882
327
837
8938
1947
2851
3350
3124
4902
4294
6493
949
6190
5031
1094
810
5122
1185
2869
9030
9669
5502
1997
4236
7159
6535
566
7839
2716
8856
6667
7950
5535
3856
3240
7482
6707
2942
606
1609
3589
3451
8910
9779
4835
6356
590
6309
7542
3459
5340
3563
5313
3689
7799
8824
224
8366
6664
9292
3574
9683
3594
9109
3539
6835
2943
6598
6129
9901
8207
9718
3352
3469
9498
4539
9826
6440
849
3720
6251
6189
7283
7917
9878
5083
6741
6454
9801
9757
2098
9727
9440
5692
5188
2979
8879
8131
5929
5009
8032
4136
4727
7736
3958
577
2276
3784
7017
9477
3856
3269
2018
7491
1186
1896
8926
4279
4702
8727
4037
3152
8454
3477
8844
3642
2809
7724
8125
8738
9085
2509
9227
3812
6598
9537
4390
8874
3321
1407
4703
3529
1028
6721
1020
2214
4969
9947
2846
9671
5026
6883
9175
9833
6712
8019
9827
5873
2095
7953
964
1180
6814
191
1345
3412
6080
2087
8638
9401
9846
3341
9282
875
62
6654
9441
5031
6601
2287
1054
7980
5522
229
7813
2235
4601
7640
4460
3048
1945
5424
581
8760
1967
8278
8524
8047
365
7163
3800
211
504
3082
7438
6919
9737
6880
8302
2690
5519
5709
7022
1042
2290
4835
9629
3243
8828
4089
6292
7125
5866
3225
2237
7833
1503
762
2233
1868
7925
6033
8431
4781
5468
5870
8052
1557
2750
2707
599
8269
8416
7622
5663
706
8809
5292
3950
3989
5734
6594
1115
1600
9819
9704
5785
1322
466
8018
3190
4743
4052
1621
5877
5872
3843
281
7429
6593
2988
8028
1215
1404
5650
3230
8463
812
8523
8765
4801
609
5359
5916
8561
5178
5621
4346
2852
2439
2365
2394
3535
2769
367
9412
8641
4211
9693
2422
804
2682
450
8371
438
2453
1602
5253
3265
6477
4018
8066
3438
9377
335
1999
907
2308
6345
3759
4747
5062
2505
8282
4183
2873
4046
9176
7084
92
1598
4240
9126
8401
2612
9564
854
566
4818
471
3395
8836
4889
6833
4566
5224
8832
1825
3884
1529
1937
4984
2944
4442
3266
7127
7315
3665
6304
4399
3757
7902
4992
2883
6303
3956
8799
3509
4522
3617
3980
7917
8806
5222
1102
9724
446
9934
1549
683
7815
3486
5667
759
4281
5285
7887
1596
8950
543
2348
9059
8445
7340
1942
1101
1296
7094
962
2170
711
1295
6439
5869
6517
7541
1945
3315
7475
3495
3998
1642
3333
9665
2402
7614
4951
6641
5563
253
7184
7911
9313
1981
1603
1255
9434
2899
8349
397
5069
5413
8044
1508
7634
4561
5401
9580
7876
2876
9427
8227
870
9112
7892
3272
6727
9195
9913
2290
9449
3449
6553
8762
5431
8156
6369
4865
1055
1071
1614
2476
2836
9658
336
470
571
5737
6402
8448
4965
2181
3027
5835
1294
7271
5460
8021
6467
1725
6663
5916
5175
3216
1030
6958
1372
3751
8175
8779
4822
9790
7607
7658
5800
4295
4481
6372
32
7235
1172
1349
9417
4199
3536
711
1470
8996
5084
4289
722
1747
205
5897
1315
7587
9207
9039
1339
7382
7818
2513
7172
1777
172
2973
6072
1005
5697
2456
4592
6869
157
4009
7420
3693
1072
8890
2690
6156
3180
9764
4255
9737
2013
5570
3677
1220
961
1368
8602
5131
3881
2127
6908
405
1452
9332
1410
7149
8140
6003
370
8297
6364
7790
1991
7437
3032
1033
9945
2564
7149
4201
8654
9162
6123
2331
6734
7085
3699
1688
8568
7580
3815
5477
4338
5267
1161
5748
8768
9302
8103
5490
7599
820
3280
5942
8257
2665
6975
4554
5229
476
5107
235
5990
7583
2566
2724
1020
2617
765
9588
6550
4580
5065
888
6200
6227
2988
1320
5529
7444
6811
9480
8264
6443
5423
6521
9108
8750
7427
690
9227
2535
925
5217
118
3492
4294
1138
2461
1411
726
5363
5991
2144
2603
8543
4723
5592
6216
6604
3036
3027
6084
1300
9470
7859
4173
4931
6610
1600
5621
2189
487
6546
3758
605
6390
4404
8095
8852
5815
5174
567
1807
7318
3171
6702
2041
8763
2918
8645
8151
2297
1081
5803
8120
8941
9976
3051
5551
7928
8672
4092
8416
5218
7850
5373
1609
2255
9821
6813
8070
4995
3732
6229
2313
6903
2932
706
2018
2202
5703
169
4500
6784
5972
2620
2077
2300
2023
3980
6581
695
8072
1349
2265
5923
3074
226
8178
2895
3391
2600
7890
7124
8830
6555
4027
8114
3613
6046
316
5668
2567
1168
8805
4892
140
882
3544
2163
4863
6477
9210
2935
7826
1476
5210
901
1702
3388
148
5094
5989
4391
8570
1171
7298
2597
9285
912
4995
9601
2932
3915
770
1737
5159
910
2620
8703
9426
3835
1533
8636
6770
9359
112
8333
6612
8167
1721
6761
9613
4062
7504
8183
5233
4802
7132
870
2066
8480
472
4999
8747
7594
6736
3906
4856
5708
8961
4282
9543
494
9271
2666
6206
9383
999
2818
3902
9072
5931
9867
9487
3435
8050
1072
4590
1535
1943
6656
6367
2415
8007
5114
6361
1096
9020
1217
6804
4333
1852
6348
1180
1123
5366
7386
6858
6365
204
761
5437
2488
628
1276
5923
5031
2349
6865
2918
4292
9874
9285
6707
7881
4399
3068
8977
9771
637
2134
4104
2489
4834
5284
3612
200
2670
6823
2917
9227
7584
4706
1715
4564
5983
3990
5947
8332
856
8865
2624
730
8150
5683
8611
2549
5103
3941
8672
5740
2427
2777
4582
7261
4413
4546
3813
3436
1369
6730
9015
5305
1436
730
6222
7419
1072
2169
5751
1928
1035
8375
2658
9185
410
7622
8087
5513
7915
6759
1254
342
5888
2188
3955
6654
6734
7768
6442
8104
850
5457
9761
2286
2539
5983
9706
3611
8153
1809
5540
9188
6537
4550
4725
6947
8524
9164
2461
6439
2276
67
3133
4516
2255
3440
7522
8989
1208
3964
3445
2058
5773
9559
697
8312
5542
6755
8276
3695
8564
3816
9235
1453
4718
313
8401
3243
5829
7214
6034
8105
7281
9168
8974
5888
2608
6496
1229
169
6813
4675
8579
2586
4234
9276
7251
6128
6031
5527
6176
948
5695
5411
2401
413
2076
7154
8
7906
4368
6043
2363
1649
1563
7689
7537
523
4186
8767
7044
7351
9794
5624
6289
380
1252
3540
6508
3636
5419
2684
936
7466
4448
3337
4232
2876
492
4240
7134
4860
6635
9498
2862
4550
3539
6751
5074
4077
1870
8470
1428
1664
446
7718
8396
8051
7610
4905
1687
9382
3941
2623
6848
4741
2312
1080
7618
9156
1673
4752
369
8308
602
9583
2859
4142
6334
4285
8219
8205
9107
6000
6221
9554
70
4618
7605
4032
5875
5644
3414
6168
8267
6615
910
6931
4047
4880
2440
5720
5984
2809
381
2939
2392
9592
3433
5078
3877
8004
3283
9336
4004
5857
8890
426
475
2847
4459
2702
8491
4225
8870
3110
840
6132
42
4888
1012
2482
6960
6997
1643
7341
6288
4035
6933
9721
5465
7162
7725
8749
6499
1730
958
1741
2156
1433
4589
2967
4135
3080
7193
9357
2543
4385
5490
2585
5625
6502
1419
2586
9851
3062
9927
6139
3449
3213
5860
5266
6727
3586
4015
9578
1668
4973
1320
176
2758
2261
3144
3245
5341
6689
2603
7884
1074
8093
6821
6700
947
4592
5638
799
4006
1917
3290
3807
5130
5503
9074
8210
5441
9441
7788
7109
767
9108
3637
9877
1369
3133
3123
3063
9822
5726
7299
7249
171
473
301
1118
5065
5939
8269
5424
7856
1560
9231
9339
3415
8305
7549
8856
4099
5337
2317
4866
798
5954
4743
2167
5440
7866
1582
5262
9944
5234
8863
6467
5707
9164
7586
7124
1455
2207
2548
9312
119
8132
5003
3534
6437
2552
2390
6888
7889
4707
1754
8687
7014
2850
7207
2454
7068
5141
4068
7013
375
9284
9832
2434
8448
3770
9559
9904
5978
8459
5568
2449
6591
571
5984
9381
9475
4726
6269
3716
5786
4376
2404
2800
7226
5963
1606
4294
7456
2026
7659
7832
1310
7492
266
9759
1262
6177
6015
3592
989
7935
6042
7580
4858
8378
3313
4333
3104
9583
8049
8890
3959
6805
1690
1185
2768
9648
1831
225
1675
9491
4409
2985
6983
1027
9096
4597
3557
5111
4542
4546
9398
6936
8478
4256
5314
1792
8589
8418
7727
2991
7309
8038
9796
5351
5575
8917
1352
7406
5494
3027
3249
9903
6012
6584
7282
1461
1182
839
6572
2076
1737
2323
9012
6568
6579
4326
4712
1521
2744
8791
4512
6405
6829
4308
8109
2404
9577
9461
6162
5071
2488
9412
1326
4852
5996
8609
6313
3530
5800
9238
5606
3890
1561
4618
458
4492
5296
5170
2365
4393
3961
6877
798
7142
7538
5259
5898
3467
4720
2060
8539
3560
7824
6217
8413
173
4826
1078
3703
6979
316
5662
7221
8229
6632
7679
9074
1929
9201
1439
6322
9514
4669
3472
6656
8559
8732
8906
2026
9804
7318
565
3365
5143
3135
1778
5316
4313
9208
5371
1292
9525
1033
8513
4106
7666
2544
3180
5947
8097
972
8621
7611
5641
8445
619
4200
7177
9525
2578
3334
6844
9496
6699
8339
2631
4829
3655
6944
4037
5378
8237
3562
2764
3102
4021
430
1999
3553
2729
96
4525
1350
7708
166
9795
8327
718
3325
4205
3297
6659
1049
2793
3358
5740
5424
4539
5747
8720
8576
1125
6957
8491
3889
6412
2512
671
4763
6065
3400
4859
6943
1102
8919
3461
7250
7247
4180
6927
7804
3829
3586
5205
2974
3296
945
8398
7835
6692
7118
6411
4169
428
1254
8059
3192
3766
5082
7955
6184
4835
2814
3127
5937
1734
6588
9539
5333
7120
6466
9489
949
52
4694
3923
9700
1991
8673
3887
5035
2144
6651
9204
8924
7905
3615
2116
8024
8698
6423
4208
3533
5589
3687
5822
3675
6627
5362
5360
3748
1828
4849
1049
8233
5895
1325
7933
7886
6350
1821
2921
8494
8472
8478
7418
6377
2093
5886
753
791
8661
4961
676
4251
5000
6499
4278
7980
1861
9639
1728
41
840
9129
8274
6736
6806
6208
974
3157
4381
248
1651
9205
8726
5422
5582
819
7660
6336
7963
6322
7649
8639
6925
9002
1490
1203
6982
3351
7194
5062
9745
8035
4191
8019
1123
7350
579
8449
507
4960
8697
2158
4165
3775
3932
6100
947
1593
8788
8910
7915
2789
7549
1192
1791
5392
2395
5125
8743
5942
187
4840
329
731
2860
7804
8081
3439
6253
8588
4752
1303
7098
5269
5078
1031
7721
6025
2624
2861
1287
6891
5651
5189
8083
3794
581
6830
8920
5676
2772
5459
517
3101
6190
3377
905
623
3168
3511
9211
4272
4814
2662
9542
6244
3693
3615
8622
2669
6477
9909
9560
8480
1450
3995
2274
2031
825
7546
7708
9950
3006
8225
9403
5548
7954
6661
6172
7474
172
1735
1747
1338
4397
7641
3934
8090
1256
8908
7111
4085
5170
3023
2565
6620
7018
1192
8652
4196
8738
2712
4146
8096
7289
3549
3645
5243
210
9817
9069
6734
7904
816
4424
2302
4809
8359
6744
2418
7267
3856
6503
2437
6879
5421
5410
250
6613
4062
4446
5351
3126
8592
9800
415
8493
3445
2010
5056
9614
1079
8142
7518
8248
2567
9820
9409
926
6565
1827
4545
6773
4683
3335
3652
104
8745
3902
3069
9159
4700
4772
2285
3292
4572
9052
8138
8017
1062
9546
3983
8493
7688
1502
3093
255
1322
2503
7533
4239
682
2079
7364
5365
1766
7369
1821
511
7623
1242
6022
2324
6015
4659
1968
587
3711
106
4957
1125
6004
8940
5970
3693
6794
9064
300
4469
1567
7834
5060
2249
6265
2425
3967
8031
9794
2140
4894
7417
3383
916
9741
9398
1927
1710
6337
1990
8168
7646
3115
525
2939
5437
4218
9733
4501
4518
4202
2420
8704
9263
1022
4969
1688
4989
9352
7834
7129
598
5251
6864
1514
1345
6262
9793
9407
8952
1783
3927
6598
1250
4452
5889
6688
8670
5623
1189
9541
6177
3610
8245
5440
984
9567
3480
5973
5271
7666
9454
5870
2918
6319
3736
615
8933
3530
22
4237
5313
301
7188
6564
4754
3077
3252
9776
5052
793
9317
1230
755
3915
3022
1739
9834
2855
4064
5105
521
3519
975
3439
6190
4712
406
1475
4594
428
5713
9907
7082
9253
2823
1836
2330
6075
1612
7383
6869
7282
8613
7624
7549
7987
9364
3735
842
3428
8840
1364
3299
6168
1155
5841
7232
1562
3669
1826
8342
5734
1733
5424
4987
4557
7260
7317
6984
5225
1052
205
8859
6017
4182
6408
4005
9898
6495
4847
9678
5335
6211
2978
7855
3719
5171
5087
5281
8840
6913
3623
4574
4999
5400
9561
5908
2660
3231
2892
4237
635
9450
3096
6653
3632
5856
7010
3530
2351
8209
3208
4039
773
2538
1894
4492
7710
6982
9773
6550
247
9748
7477
5246
5148
3390
7506
4161
2973
399
8398
3609
9849
7847
6614
3481
55
9976
3363
8759
8185
6571
2798
5310
9110
1044
9802
6820
4378
5927
9722
4626
5676
3551
6224
7176
3294
3731
1337
6267
482
6088
6228
6683
287
9194
6516
342
9170
9879
5453
3708
6450
4603
9018
1912
5648
8821
5084
26
1100
1159
1004
6776
4710
3581
3953
8004
7312
1642
4272
4146
7730
6852
829
4369
6047
7345
1064
1569
7224
6517
5277
3674
1121
648
1939
3121
5821
7023
9499
6921
8182
504
3698
2893
437
4003
7249
7749
1997
7873
1895
6080
4726
9076
449
7125
6421
1513
8694
3645
4383
3972
3671
5504
972
5610
8625
6793
2634
8124
3714
7168
4980
3764
61
5417
4119
3663
9518
6117
1536
7765
2197
6262
6841
8998
3387
9614
512
8434
9611
4895
2406
3283
6751
9730
5245
1728
6523
4231
6204
237
1400
1185
354
7813
2954
4473
1476
8825
590
9365
2942
9139
5627
6136
8138
5367
5750
5002
3801
5362
9897
2559
4997
3000
2289
6594
4728
5164
7178
932
1753
4930
8469
2107
9095
7776
6581
572
2953
3523
9937
5895
2663
1916
2031
7153
3635
7782
2155
7436
9496
8404
6347
845
1404
4988
7439
2484
152
969
9768
1906
5899
8238
4013
4995
2366
6946
1919
5319
470
8208
1214
9485
124
9598
2990
112
3732
1497
7548
3228
9901
248
425
7657
5236
4216
141
5389
5186
6261
7295
1085
851
7660
2432
3217
4607
4351
4888
1429
8911
6103
7266
9036
2053
6608
9148
5785
8105
3048
5365
8006
3296
5790
2015
4885
6
2156
274
1544
4769
3921
2630
5621
1581
1414
8838
2540
2118
3727
321
1029
6182
7587
6417
8235
4195
1917
4020
2300
4966
5737
6658
4614
1527
8673
5851
7885
7181
6125
9430
1951
6398
8412
7572
4332
9826
2762
6872
8296
6489
3546
9326
9023
7485
5743
3610
1681
7661
3982
333
8979
9719
3344
9945
1246
2017
5797
5484
5551
8274
4914
7502
4673
9678
1426
9005
5856
4188
2229
4153
7030
5775
3479
6053
3261
5574
9664
1294
3235
3646
7979
8566
9718
1323
8512
7316
9693
4309
2800
5244
2583
4066
9098
7256
3744
6876
2613
9601
1064
1195
3754
4446
6970
3585
6852
6583
9159
2868
7877
8747
2866
5857
7313
2584
3532
2177
9901
9577
6486
9053
4821
5422
3120
271
9030
6864
7147
7996
2817
4564
9191
2923
5362
6161
2860
2214
2745
8372
1434
6974
7119
4301
9183
784
3237
9068
9314
9490
8645
2152
8544
9819
7574
1664
90
2957
4880
3590
953
4050
4506
144
3325
9868
6305
6186
8435
5402
4558
9869
8729
8029
522
7912
5165
3760
6980
4479
3250
5626
6632
1794
5445
558
9810
1887
3515
1043
5477
4468
5093
6335
4612
8418
6204
7270
956
4639
2672
1866
860
1401
9895
1383
5666
1413
1495
2646
5892
4745
4624
8876
2892
6421
5787
9054
8309
9302
97
138
3771
1542
6474
4735
6313
9030
2005
7269
21
4678
9136
881
2431
5383
8616
8097
6796
111
7096
9041
4857
1720
4269
4101
4494
56
3155
9155
9359
3253
5645
9482
1147
2119
4217
7460
7501
2575
4730
7522
3605
218
4756
6036
5601
3372
486
2398
9836
7582
1439
4693
5654
5708
5146
148
2117
8301
5655
1476
7906
1301
7310
9054
9772
1527
6514
7274
4102
7596
1148
4059
7814
5904
96
3416
5629
582
2166
5465
4516
9957
6510
170
2017
1656
6671
4134
6309
2326
1962
4216
3627
9272
3270
3400
7152
6136
7026
7606
3733
8174
1666
1547
431
1762
1315
6060
8696
3481
7877
3212
9790
4387
9734
1808
2395
2757
2294
8704
5084
4257
2920
5063
3529
6190
4815
681
2327
1841
8288
2412
6368
9954
3959
6799
8068
5275
2859
3116
5108
736
2680
4899
1475
8766
3059
3870
1524
5353
2574
2960
9610
5495
4375
9492
8037
9191
173
6716
7384
4813
9128
3752
1119
9440
551
5539
1067
9762
8655
2527
6850
1335
3778
8325
102
6837
8547
7978
8543
1122
938
4505
2969
5313
3997
7358
4504
523
427
1889
1688
9555
1993
2808
5347
2545
8347
6414
2307
3355
8942
9158
4690
2720
3835
1144
5910
2383
9122
4453
9857
6412
8958
2826
1726
9308
6536
2582
9831
6963
823
7871
2871
2817
679
4570
1714
5379
985
4021
8734
6279
9531
9776
5351
3367
7273
7613
2102
2747
8418
1959
9160
3729
1137
886
3037
7673
9820
9220
989
6996
7091
3860
9813
4123
4782
1527
9502
5767
1900
4588
8398
1432
4364
102
1151
7989
7715
3253
737
6134
5212
9897
9863
6349
7135
9252
374
6955
8472
1363
3951
1915
1575
116
6038
6358
7995
5540
8477
9896
6480
3228
7680
845
3330
8831
5186
7397
2084
5923
9883
3648
5820
6098
6349
2955
5350
6723
6263
174
4439
6566
2090
2366
6683
8128
5076
1030
21
3554
926
2853
6782
8606
50
6464
3789
5237
3861
2225
1160
97
2225
6981
6195
8574
6288
1546
1650
8903
1720
2441
5470
162
4807
8505
4643
9884
9535
1016
9790
6814
3869
2924
5420
3920
9388
5562
9157
9601
7787
317
9698
13
3650
5894
4939
9939
3792
2941
8842
1864
5382
664
2027
6542
9169
6670
6426
8705
4038
2568
5519
7907
5492
7291
1827
1232
9205
7336
7185
3345
7654
3236
3358
1304
9130
4649
7595
9274
7591
2790
1138
2973
3454
3165
5867
8976
6187
2293
4033
225
1213
9552
4485
3057
3195
6312
4289
2401
3649
7827
2098
7655
1063
5456
5311
6545
6457
9259
5819
400
2049
6957
9726
1855
6475
5593
831
9014
7887
4864
5592
5452
768
77
8510
316
2741
2799
9069
2742
626
1167
6749
8041
2975
2061
4586
9432
7672
405
9833
9721
3715
5911
7928
6542
1504
8760
1908
5743
9976
3852
1196
745
3929
9706
7413
3023
8857
6482
2117
5836
7649
8867
3877
6976
7280
4816
6408
4952
1573
2593
4673
5288
8504
2601
8182
6361
7713
6443
2104
7690
295
3300
4787
577
9358
8552
3600
8216
5034
5717
4052
9035
4584
4281
6011
1864
9097
8771
6816
671
7717
7841
2311
2573
6795
6846
8934
860
3289
1039
4902
3584
4339
9689
4161
3698
8241
4113
8266
9627
9831
8670
8662
767
2951
1025
8984
8401
9797
5800
5424
7514
9994
7735
87
6789
933
9022
4001
4222
61
8904
4159
752
8593
4672
802
3187
8786
9068
2814
4969
7738
7829
5736
7042
8854
4720
5443
5003
6873
867
2517
3219
4954
8957
6360
2240
7979
361
2814
4392
9265
6973
1496
4211
7998
2299
7398
6784
1367
6564
8105
5458
745
193
2500
5952
1266
7943
955
4491
5162
9825
7710
6468
8782
4070
8708
3113
783
1523
7505
49
4848
9001
612
9198
1300
8010
2334
9020
926
439
4478
8024
633
6978
3976
1899
1273
1283
2742
2787
1108
452
5607
9890
874
4316
3003
1657
2191
6860
8058
3391
5862
8670
2590
3514
3032
4924
8886
311
1716
3364
8335
2349
6694
8663
600
4319
9946
3342
7106
7407
146
2714
7297
7372
3382
301
9029
1925
3513
3440
1668
9375
8462
610
9242
1495
5535
8128
8158
7251
7845
6493
5952
891
1508
2904
5211
7806
2598
2317
5213
2744
1383
8863
6468
1117
5516
5497
3042
9029
5289
1063
4757
3752
1673
3999
1599
7208
8479
9757
811
2676
2602
3115
3568
4110
2371
8779
8268
4969
7448
3482
4065
5184
8697
533
6301
4213
2383
5696
3242
4024
6759
7999
7776
8432
8350
9375
1993
6830
9132
9156
5858
1734
2272
9426
2196
995
4557
465
2317
2006
299
6382
3542
8996
3268
9843
9561
2003
5539
2803
6027
8650
7155
156
7083
1857
5883
9076
5039
1368
4584
898
9454
3208
324
1651
4204
4882
8468
6521
3240
5119
9255
6782
467
8875
2977
28
878
4869
9183
3258
3519
6338
9766
602
8196
2001
6030
3235
3369
615
485
2824
3823
810
827
4379
2044
5647
900
1636
766
6508
8418
7585
5383
7747
7613
2614
2616
6796
2224
6136
9487
1990
3090
4035
3991
5473
3622
3713
6088
4108
6537
6263
1270
3716
6995
9666
5715
7895
1302
2833
755
6072
418
6139
3819
8031
5105
6436
1179
7329
8924
7018
5671
8366
1053
9662
3839
1028
9727
6279
5136
2616
2543
2758
6332
9538
2424
2047
3785
3726
4880
4541
6150
1650
7032
9969
9681
2137
2757
7213
5818
8033
4231
1489
6400
1637
7503
239
2665
7231
6519
4153
9847
5414
6911
2532
1304
5687
931
5089
9413
2164
5982
5563
3814
9366
1884
9848
7855
994
7061
3673
9027
7644
5162
5427
9281
2666
2019
8298
9897
8538
2451
9744
304
5714
8628
1608
1401
9560
3049
7166
1724
9032
9081
5538
4750
7318
5386
2606
8312
8799
6279
3691
6444
1442
5471
2077
460
7490
376
357
2380
9179
6453
2684
1246
5082
4292
2647
4642
7341
6166
6366
2725
5247
1904
3828
8917
3643
6434
7229
2442
2713
921
5238
507
2744
7316
967
234
4044
7676
2614
9575
4130
1650
821
5564
5942
9821
206
9635
5987
2924
8713
7586
1180
2541
6504
4823
5327
85
3618
8040
7358
8856
4900
102
2524
5867
336
2920
9896
9302
2496
4026
952
9669
9590
3246
9490
6148
9234
1829
5424
7947
9416
6604
6840
2272
7780
2167
8709
7750
6559
6068
2958
1459
2522
1835
3679
9211
4755
3575
8513
3603
3953
5818
3273
9895
5416
2763
2395
4650
4593
7819
8949
361
775
2141
2633
4907
4308
7694
2657
7220
3762
5616
5031
2637
7451
5062
1848
8558
4989
6713
2162
8942
2531
5435
5189
4300
8198
7584
5302
9143
5403
4252
5856
2531
2745
4841
7438
7054
2536
96
626
6298
2064
5657
5287
9515
720
7135
8073
5709
3849
235
1004
2732
2022
6193
7032
6573
3778
2335
5716
5533
2939
1573
8064
5684
6414
1855
9090
5302
1951
9716
7953
367
1726
3240
6234
8798
376
4307
4507
4225
895
1863
3309
9269
8057
342
5842
8187
9029
7911
72
8320
5836
4489
356
8602
6344
9447
3905
4647
5515
1858
5014
7241
5098
1248
6039
5474
1907
6899
6051
9154
8762
9361
8424
3171
6055
4266
1358
5084
2177
7783
9756
8013
2272
112
2968
8616
5911
6873
9615
1427
8731
4629
5020
3829
2229
7412
9304
4136
663
1707
3291
5777
1068
1715
5301
7123
2333
3011
8559
863
794
8315
5228
3066
4780
8196
8034
691
5069
7649
8470
3800
2278
9843
3982
4507
3607
9638
4996
4270
1345
8287
6399
2414
6354
1700
5889
8687
4712
4449
5902
1858
9116
1131
4925
3896
5679
2959
4588
749
609
9410
901
9239
9253
4883
99
2860
873
5095
3482
2219
9734
6234
985
6088
7934
6874
1127
8998
1323
7030
857
440
4513
2134
688
192
1445
5276
7293
8406
4687
8195
7646
292
9430
7745
3153
304
9192
2987
2523
8926
9221
9860
5014
3508
6734
2493
8858
4410
5875
6067
4850
388
8201
1890
6933
5999
7167
4226
4405
8206
2421
2051
8498
1852
6148
8003
8508
5340
991
7383
618
6564
7243
5632
6424
3977
4478
5283
8387
353
1350
9589
742
5904
1480
7675
1903
4999
1901
6308
3205
675
4712
8055
8879
7212
6059
7387
2553
3402
1122
3171
9966
8365
5156
6391
2342
9634
8026
7082
6339
5728
3023
7081
1632
855
1108
9887
5854
9362
2548
5411
37
7260
3467
5268
4472
5878
9007
3377
9280
129
2901
5598
8494
4409
8341
7188
395
6367
4270
6734
2096
3646
168
80
4501
1276
9968
356
6990
8868
5767
3379
6128
5586
8647
6952
1464
7654
6682
7096
7783
5935
2695
2629
344
7388
9818
739
3756
440
3825
2204
4086
3993
2284
8588
1622
8604
5296
8612
7472
7415
1992
9952
3002
6991
3257
818
998
9939
4267
5133
2226
3314
7763
2570
702
7581
9661
4458
8021
3486
6662
8460
7480
5299
7048
9102
3903
2344
4066
7728
9759
2410
7680
9113
5754
7289
6284
6752
7228
551
1885
9454
3865
9648
8376
4567
3581
8037
5378
7955
7876
8392
6415
5356
3691
3463
810
3947
2159
1228
1675
8270
3639
5707
7384
9393
2997
20
6145
6577
571
4382
2384
788
383
760
1707
3964
5150
7085
1919
3026
1830
8334
4734
5521
8149
5544
5820
6660
3124
7495
4931
6763
3203
8667
2508
2552
8687
5005
9129
5610
9388
1513
6398
9771
2274
8105
87
3776
1543
2007
6802
3373
6693
1536
5246
1195
3432
1067
7855
6556
4914
2786
9672
4469
1453
2180
7021
6492
3538
6151
2102
2926
7664
8500
9049
6290
2958
9136
66
4501
7495
3220
7874
4189
1108
3120
5384
892
539
9591
3801
5454
2378
9825
9923
183
8357
6945
3028
1895
9448
5130
1173
7112
9983
222
9755
2941
5711
6173
7442
3206
9394
5316
3747
6854
4788
5483
7747
5328
5075
1548
7134
3805
1373
7057
340
9730
354
3368
1626
9802
4851
9151
3267
4834
9374
3022
7775
5085
9195
1569
4643
4941
3237
8391
1796
8025
3874
9543
9705
5301
7443
6839
5458
5168
249
5799
1250
603
5519
2876
6758
370
8380
25
1556
7754
9399
5683
9191
4946
7252
3834
9888
489
8577
8036
8515
8804
3931
4572
4105
1374
1412
5916
6542
8013
1715
7792
4968
3586
7021
1726
3957
5401
8103
5513
9507
7502
1197
8698
8801
4801
8884
5041
5291
7462
3077
158
2618
7008
4730
3075
8382
2494
8991
1276
507
7058
5420
5476
645
8793
7202
954
546
1658
2819
53
5512
4016
5103
4313
5170
340
9354
461
4154
8783
619
6772
5791
1701
9847
525
4196
5191
8153
1055
2249
3574
6531
2894
8719
86
3848
9266
1744
6668
5671
3608
7036
775
7922
2206
7467
3628
9019
1621
2412
5990
8393
4555
7692
4592
5081
8240
9783
3234
9295
8385
3160
5827
1279
1880
2265
1480
7498
361
4500
3169
3969
7888
296
8243
95
7763
8224
5466
5736
636
1457
481
1543
5501
5074
6624
93
1209
6211
9388
9594
9371
1567
7226
7603
3832
5058
5101
545
9558
4623
4515
7446
4919
9110
3893
9035
7334
5712
4771
4322
3521
5253
5866
9022
6679
8842
9115
7888
5053
4855
3835
777
6423
7413
4732
6607
2471
9834
7153
8381
4457
8020
2179
5728
7130
6073
4763
817
8137
9535
5139
1658
1140
1005
680
7819
9848
6147
5707
1253
1002
5894
2030
3777
3307
6763
6737
5778
2949
242
511
3758
4614
2691
9486
1744
5116
602
8913
3253
6489
4053
4911
7629
5058
1943
5448
1258
8090
7507
2512
5444
3402
894
5574
6709
4009
2311
8840
3310
8905
5703
7068
3519
8394
2907
1615
3510
3509
529
6763
6350
4582
8026
3979
5992
9969
9427
7251
8059
6934
6115
9856
6688
3361
5430
3398
3723
4093
8590
3385
2998
4293
6806
6517
9040
9713
8132
2550
9574
8661
5666
5924
9595
3692
6255
5588
3662
5682
9191
8073
8968
1658
4281
5657
5019
9711
5407
5094
156
349
8480
3154
4642
5286
6023
34
1351
4156
2585
7277
9169
4603
3201
8765
4647
5808
705
4661
1490
9896
9087
6810
1554
3368
2467
2925
9432
4226
8020
9588
4575
2852
9095
5570
8138
5118
5604
9489
9274
4541
6766
4796
5496
6319
9913
144
2127
618
4805
9969
6866
3892
6779
8420
3613
5599
7697
3045
6177
5717
8985
7105
8569
8080
9027
3059
3199
983
2548
8825
1877
5666
3621
7373
8337
9886
7517
6816
504
8675
3137
7370
8919
9917
2142
8884
1868
9840
1929
4397
1909
915
1502
479
5347
529
9890
8546
1513
8791
7372
3390
4457
7345
7115
9147
7232
985
2315
4088
6012
5453
7811
4931
5370
9953
3816
3590
6145
2097
7987
8055
9364
5842
4886
4712
2723
1128
9610
4236
9919
3334
3978
729
680
7446
9876
4264
8431
2191
8352
4443
7644
2515
5726
9366
8821
9542
9308
4966
7992
3648
9373
3708
5842
611
4772
8565
1740
4383
9154
1659
4069
3132
2388
4749
578
8616
5365
5361
7160
70
9804
1156
2585
5531
523
1406
1425
6183
2725
9417
6183
2098
9478
2025
9062
4250
591
802
8633
9745
8813
2703
9229
1202
3804
6160
6170
5522
1521
3330
5592
7678
4487
4529
3209
1362
2288
986
3897
5013
6756
81
3463
6234
2106
2525
484
2697
9679
5470
8794
8493
8173
8024
6047
8329
536
2217
3851
8409
1900
5795
6087
6387
6677
9296
4101
8965
6635
7998
330
3391
8079
3793
9625
6538
6319
109
5587
5998
5579
4382
4491
104
8758
6890
8434
9294
9108
8637
7703
1008
785
3791
3747
3814
9439
4200
2779
6074
2198
3109
9465
6630
6902
9090
9520
9573
5552
5107
1924
1131
9489
6415
7588
8247
3306
2374
7541
8766
7363
1597
6126
8148
5388
6225
1962
1179
425
1093
3606
8975
554
3071
1957
7457
8514
1477
3382
4066
6585
5306
1549
6074
8074
9137
674
7732
7863
4567
6498
5227
6164
8976
3375
7904
5201
1690
5436
5626
9135
9042
4601
9690
8465
6559
3499
6979
8036
6881
7397
973
8540
5299
3400
6614
788
4074
4346
8652
4993
7196
3879
1158
6172
3606
5414
1373
1648
850
6999
784
6244
7952
474
4710
863
325
1689
8900
7206
5439
6225
5746
738
9625
2360
1526
51
3058
6530
5045
254
409
2555
6426
368
7969
7799
2016
5172
1150
2800
1416
9103
9626
2478
9966
9951
4168
5218
3510
5959
1444
9256
3049
7421
7969
4575
7473
7379
7458
2518
7634
7867
5073
4060
8235
9394
8212
6604
4566
9362
9404
2335
4817
9031
4813
1136
5334
5333
6354
8844
7644
4150
4453
693
1572
2422
1621
5397
9801
9079
7915
3787
6946
9340
4200
1534
8734
2412
8138
9653
8126
3894
1988
9296
9277
3153
432
4612
4839
6786
9808
2483
7289
4261
3177
5213
3035
4798
610
9189
3877
8525
2976
7175
7865
7176
5061
2951
5940
9551
2604
419
3446
944
9715
9075
450
147
3687
5289
3285
3496
4124
574
4109
3653
5787
7145
4803
6397
6334
8680
1274
9310
2208
5491
2839
3621
8443
5131
3173
7399
5550
2971
8344
5265
2046
5146
5412
2086
6787
8698
1934
911
5624
6043
4565
1412
9540
9368
7809
5874
4401
9084
1537
2961
927
4376
6582
9370
5859
6107
6770
1410
5430
1466
6675
7477
6612
8440
5915
3399
3490
7849
662
9114
244
5227
6878
9785
948
1040
2011
1701
6476
3548
1014
7403
4276
3948
6774
136
56
9896
7898
1838
7714
925
5667
4326
9365
1582
4077
9207
5783
4739
4674
2380
6319
7904
2165
3619
8944
4176
5320
5420
4077
2686
2824
4705
6634
5950
4841
6690
2198
2739
4881
9912
3665
548
590
9382
2131
4667
4942
4266
5758
5968
6646
2077
3872
5163
2048
2817
5692
3720
8237
9769
6406
7413
4474
3041
3363
5668
6083
1913
4759
964
1825
4776
1513
2415
511
9996
3434
1805
4262
9193
7773
7261
7622
1645
2424
9671
814
8116
3391
9052
4237
6150
2817
5064
9191
2533
732
5274
4446
1843
2591
6272
6620
4104
5039
3483
452
8474
5288
1066
7667
3061
8327
1641
1058
752
1312
1873
5220
1056
7277
9458
7206
94
4522
2749
2627
1606
4375
3426
9801
6966
9698
6421
7422
4737
9904
7874
9563
1544
8941
3582
4605
7268
5224
5664
4372
2888
7537
9593
296
1166
5403
3854
1260
6277
6603
240
4235
979
3666
4036
4297
9716
6810
1720
805
3066
9594
369
4611
8535
3951
9216
2156
9175
1232
6528
8416
5121
2473
8712
6287
4228
2567
3900
6857
9170
4140
1092
6501
4158
1481
799
3874
8291
2519
4679
1357
2113
1400
5968
7001
5352
1537
9157
879
9121
2037
9295
4243
4511
4360
530
5091
6927
4430
1949
6097
4922
3041
8951
9080
4522
9750
9306
9165
2269
3986
523
734
1738
2843
7735
7090
732
3244
4322
9854
5282
9969
4097
6145
4329
979
7588
1256
1762
9537
3706
6684
8931
2657
2117
9805
2407
1423
8971
1028
1761
5846
1762
3500
8689
5850
6942
5774
5446
1264
5628
7080
7586
9725
3225
8267
7056
814
9524
8818
6703
9582
1855
5634
2239
3972
5440
998
5395
763
8378
7157
6609
6492
7009
1650
8694
3951
7424
4141
1568
3052
1221
9154
9129
799
7421
2538
7965
3297
1356
4668
9231
3211
303
1470
3535
2095
8820
5283
2858
7198
8792
5819
43
5801
7469
8737
9752
1246
2878
1320
650
452
474
9780
1251
4248
2318
9216
3897
26
3884
3129
9590
539
951
3125
2634
6124
8408
1844
9674
7200
4015
9717
3001
7837
8455
9106
9083
7685
426
9733
8137
7253
5865
9388
7853
4535
8604
1750
4562
8841
4879
4152
9380
2183
3629
8367
8307
8390
211
7981
5590
579
7699
4944
8416
6154
4050
7499
191
828
3584
8329
8081
9450
7717
5934
3985
2674
4037
4899
1515
8916
5403
895
7451
5385
9262
5758
3775
5826
3740
9365
6405
7791
661
4821
297
1063
8672
488
1892
2256
8817
9973
8058
2887
2260
2044
5561
6297
3295
7076
1565
5051
7971
9017
436
3586
1127
4211
5764
1219
9928
2169
9010
590
3342
9307
1653
2014
9796
3545
622
4965
9871
8681
7852
8483
7077
3413
4780
372
6841
2697
1775
1165
8066
2211
1103
9194
6422
6867
413
6351
9036
5776
3293
8730
5083
4946
744
1231
4844
7718
6197
4715
6399
401
3198
3476
167
4330
201
3360
3379
1976
4525
7798
4188
5628
6992
6962
2495
3757
9665
7883
5885
2958
6613
969
7905
3709
8552
9101
7780
1101
3816
4179
7855
3366
4008
8022
4048
4209
1382
3779
2537
2260
1577
3077
4240
4921
40
3088
8679
9705
971
916
2664
3937
8237
6921
3998
6790
6022
1778
4243
6190
2310
2098
5908
6318
6472
9956
6879
7855
3735
9416
6467
5313
2494
707
234
8886
3795
5265
8591
1119
2534
7607
5056
771
880
5406
3913
6902
3537
8157
9444
5847
255
5352
2165
6728
5308
9044
935
5396
4812
7402
7061
3658
4461
3647
2544
8257
5265
7488
5728
7799
5095
7136
8570
5976
2542
2484
9230
2431
6993
8675
8278
7248
4027
6795
328
5688
2191
7615
7436
7004
1369
849
662
5831
4496
9559
440
6113
7047
6168
3912
8494
9656
8835
4470
8550
7671
53
982
4664
5080
9260
8264
5459
2408
8593
7499
4599
6208
4935
7955
7578
5784
4970
9761
6633
4529
6553
2746
7928
9073
3011
6422
8729
1846
7245
7279
9517
7298
8261
533
8730
3874
8797
4189
6282
7390
1689
7233
9951
2976
1541
3881
5113
6511
9994
1746
7392
6547
844
5320
5620
3855
1742
4349
2053
8987
1628
7922
2637
6242
8455
1367
116
3605
1909
2750
995
3598
9983
7298
6574
1524
1179
1687
4387
7525
9785
8131
4072
630
3451
9692
837
1546
393
9243
6885
8374
7165
5875
4616
1973
3594
1084
5578
5503
3834
2925
9101
169
224
2028
8046
7755
67
8785
5281
9853
6917
5705
6835
6720
5398
4024
4618
